16
22
17
21
25
23
32
25
22
21
15
21
29
29
25
23
24
19
15
22
30
26
21
23
19
28
26
18
32
26
17
27
21
17
14
18
25
18
26
26
26
29
221
44
19
27
28
20
39
46
27
49
19
21
20
54
25
25
21
21
19
21
26
22
15
15
17
24
17
22
22
23
18
26
15
17
20
15
21
37
24
15
25
13
16
10
15
21
18
21
19
12
19
15
15
21
26
26
20
19
30
15
21
22
25
20
19
26
24
21
21
25
12
29
20
15
22
22
19
22
25
13
22
14
29
15
17
21
13
17
22
27
25
15
15
17
16
23
9
14
16
14
18
15
21
24
18
19
18
20
13
12
26
20
23
15
21
12
17
23
21
15
16
21
23
20
23
19
37
15
21
11
21
22
20
20
21
15
14
15
25
15
14
13
24
20
22
15
17
18
329
25
18
20
20
257
29
19
25
19
14
10
19
16
23
39
24
14
25
39
25
18
26
17
15
19
76
32
21
14
10
26
30
16
18
11
18
17
15
14
22
23
14
15
25
15
13
24
23
11
18
20
52
17
26
15
24
16
22
22
17
14
27
21
22
24
32
21
20
13
16
22
19
17
26
19
25
52
21
17
27
27
16
21
27
20
26
23
16
14
24
16
24
30
16
19
20
27
29
17
18
17
13
10
16
25
24
19
9
23
14
23
26
21
223
16
18
23
29
27
27
15
32
14
17
22
14
22
41
28
42
22
17
16
26
40
20
22
23
23
20
20
16
20
14
15
21
25
25
18
20
29
26
12
13
23
24
19
18
22
21
20
20
28
24
17
28
25
23
22
17
26
27
13
25
22
37
24
30
23
18
22
17
36
25
25
19
20
21
22
24
22
19
21
22
20
20
16
29
26
21
17
30
25
18
17
18
22
16
22
19
21
17
23
17
19
27
18
14
27
11
21
9
13
22
12
17
25
24
17
13
12
22
36
16
14
18
23
26
20
22
21
13
15
25
657
26
24
16
21
18
15
25
12
25
14
21
23
24
49
20
22
17
26
23
20
38
21
15
15
21
28
21
24
25
19
46
20
20
20
25
16
28
24
22
26
44
19
38
25
18
15
25
20
27
13
9
28
24
38
23
21
21
25
15
19
27
24
15
13
21
18
17
21
16
321
22
17
15
28
18
18
18
21
19
20
26
13
26
22
22
18
27
255
26
14
18
22
27
21
25
21
25
38
23
13
20
19
26
21
14
19
19
25
20
25
24
30
20
21
257
22
24
26
24
24
13
213
16
15
9
18
17
25
18
10
257
32
18
27
28
26
22
38
22
22
21
21
17
21
18
19
25
17
27
16
13
14
17
24
13
36
16
17
10
67
221
20
24
27
13
19
25
22
22
20
14
18
12
19
29
25
20
14
24
323
222
27
20
16
25
18
21
19
21
15
15
20
20
29
16
14
24
19
20
16
25
21
38
28
18
24
22
11
14
25
17
26
46
24
24
24
23
20
15
15
28
67
44
19
20
9
21
23
17
27
17
16
19
28
20
24
36
23
13
16
17
32
12
21
20
25
42
12
25
25
21
22
16
16
19
19
25
27
18
25
21
22
18
22
22
15
16
17
18
22
22
32
21
72
22
15
27
20
9
28
23
42
29
32
40
27
27
28
18
16
24
18
15
19
29
30
26
14
15
18
21
15
22
15
15
15
17
29
21
32
58
43
47
25
29
29
17
22
18
18
32
25
36
21
48
23
16
23
44
21
22
13
22
17
21
16
25
18
32
22
36
21
15
30
17
21
15
22
19
40
27
32
21
11
22
25
13
17
20
21
16
24
30
16
25
21
23
16
18
29
25
21
26
47
19
12
14
16
21
20
21
18
16
10
23
24
19
16
17
13
16
17
28
36
22
25
19
19
28
18
20
22
21
27
19
21
22
12
48
25
17
27
22
20
22
15
13
24
27
20
29
29
16
29
16
32
18
16
21
21
20
22
24
13
16
24
19
18
26
26
21
29
20
20
24
20
20
17
20
19
18
38
39
26
21
21
13
24
15
22
20
28
21
13
25
21
32
38
23
15
20
15
11
19
15
21
24
17
20
19
14
15
10
24
15
25
16
27
16
26
28
20
26
19
14
17
17
22
17
15
21
32
25
19
328
18
20
20
19
17
23
26
19
22
24
23
20
21
30
13
20
21
21
32
22
25
11
18
12
10
15
18
23
18
15
26
23
13
26
28
22
19
15
17
19
24
22
22
22
29
26
24
12
15
15
23
28
24
16
16
12
15
44
17
17
25
26
14
25
22
23
26
17
22
28
18
15
23
15
15
15
25
19
14
22
21
23
17
28
17
15
18
18
40
38
11
21
12
22
32
18
19
24
20
20
25
14
28
19
17
23
21
19
19
25
19
17
28
25
23
19
26
14
18
12
17
24
49
26
27
15
13
20
26
20
19
24
23
19
26
19
19
23
25
40
23
23
17
15
18
21
16
24
22
20
27
27
32
28
23
21
23
19
18
19
15
16
27
19
12
18
22
16
21
59
15
19
14
17
30
26
19
16
22
22
18
22
12
17
20
19
12
28
25
21
22
18
27
16
17
37
25
18
22
25
16
17
21
26
21
20
29
32
28
21
253
227
20
12
32
21
25
25
16
21
21
32
0
21
21
16
16
32
32
15
15
15
32
21
16
16
21
21
16
16
47
0
21
16
16
21
16
32
16
16
15
21
16
16
21
46
16
21
47
32
15
16
32
15
21
21
15
16
21
32
16
15
21
15
16
16
32
16
15
21
15
16
15
21
16
16
15
15
32
21
21
16
16
21
16
15
16
21
32
15
16
16
16
16
16
21
47
21
16
15
21
16
16
21
21
16
0
21
16
15
15
16
15
15
21
16
16
15
16
32
21
21
16
47
16
16
15
16
16
21
15
16
16
16
16
16
21
15
25
16
15
16
16
32
15
21
32
21
21
16
21
32
15
15
21
15
32
15
21
15
16
21
16
21
16
15
16
0
15
21
15
16
15
16
15
0
16
16
16
15
21
21
32
21
21
21
16
32
15
21
16
21
16
16
15
21
21
32
15
32
15
21
21
47
47
22
15
16
16
16
21
16
16
21
15
21
15
16
0
21
16
16
21
16
15
21
0
15
21
21
16
0
16
15
16
16
21
21
21
15
21
47
15
15
16
15
16
16
47
21
16
0
16
21
15
32
21
16
16
21
15
21
16
15
16
47
21
16
21
16
16
32
15
0
21
15
16
15
32
16
21
21
47
22
21
21
16
16
21
21
47
16
16
21
16
15
15
21
21
32
21
21
16
21
21
21
32
21
21
0
15
16
21
16
21
15
16
0
16
15
0
16
21
16
21
16
======================================
Avg Time: 22.16926201760325
