421
512
722
156
158
160
154
876
162
387
406
544
142
140
371
164
151
154
159
143
383
133
134
137
353
148
850
162
154
155
157
136
390
145
1969
139
142
137
140
383
130
176
130
134
804
252
147
176
353
134
146
144
138
343
139
142
149
153
149
134
161
137
136
132
133
141
135
796
135
134
149
248
136
136
146
138
137
138
135
135
138
132
138
127
172
140
133
138
143
128
141
139
144
132
136
132
135
128
133
137
556
130
131
132
134
167
148
144
136
138
141
138
133
136
139
131
132
136
145
155
186
136
133
137
138
132
131
139
132
139
144
199
245
478
140
137
140
138
121
138
138
135
135
133
132
136
142
137
134
132
219
207
142
132
140
136
498
856
141
136
134
140
137
132
130
135
132
132
126
136
129
137
135
131
127
132
131
132
129
137
138
140
137
164
137
474
132
141
811
516
194
133
134
184
861
451
138
130
132
133
137
131
133
136
138
134
132
129
136
136
131
133
136
131
245
135
140
140
137
549
135
832
134
124
141
134
135
133
139
257
137
133
132
139
135
132
136
130
131
147
135
136
143
135
138
146
150
133
138
135
140
130
142
136
141
765
447
135
137
130
144
137
146
136
137
131
197
134
135
136
843
176
132
139
132
135
137
133
129
136
140
136
141
142
128
136
130
137
129
166
135
133
341
136
133
855
169
138
132
135
133
137
133
496
141
135
138
139
138
139
134
138
138
767
146
143
128
132
144
130
135
549
133
133
137
132
134
138
135
134
138
137
137
136
134
528
785
131
137
141
140
135
821
139
136
136
150
166
797
144
136
136
161
438
136
132
135
132
130
130
141
137
136
131
133
140
137
142
131
128
134
136
136
133
135
849
143
529
133
139
141
135
135
143
519
134
130
133
139
469
134
131
133
135
134
133
139
187
137
135
137
781
138
136
137
130
137
844
137
136
132
135
140
137
134
556
142
129
133
134
134
196
129
129
132
138
141
136
479
139
137
495
134
139
137
144
146
139
533
136
137
139
138
145
138
143
250
193
139
827
138
136
133
830
130
133
140
135
133
136
137
130
132
169
140
133
139
136
142
141
566
139
131
130
864
131
131
167
135
132
130
135
140
131
140
540
136
849
140
261
145
146
148
185
141
761
181
144
509
178
484
172
136
768
142
192
473
140
171
174
171
143
136
134
173
143
159
480
156
188
135
136
145
792
132
131
142
136
157
157
151
163
139
133
136
164
173
149
456
138
180
158
131
168
497
163
142
135
130
450
170
133
197
134
147
454
445
140
168
204
129
138
132
139
139
136
135
132
139
138
138
135
200
556
109
132
133
136
131
137
148
147
138
142
134
161
136
130
137
140
144
136
138
133
136
138
138
143
148
183
136
831
138
141
129
133
136
137
140
139
805
458
156
129
133
136
133
199
142
147
141
140
147
548
138
138
134
141
135
134
818
137
132
141
142
233
141
141
146
141
862
138
146
134
133
130
137
138
131
813
135
138
115
140
135
131
460
116
136
134
135
136
486
136
137
134
235
139
141
147
136
142
144
143
140
341
138
138
135
136
133
496
268
457
136
136
139
139
165
132
131
135
132
139
148
138
152
856
476
131
138
137
134
140
134
136
136
132
135
528
555
247
134
134
135
134
222
139
139
137
140
547
131
443
130
133
139
136
145
219
137
142
134
141
132
142
199
838
137
130
133
135
141
147
133
862
146
156
145
147
150
147
148
165
806
143
138
149
144
209
198
221
131
235
165
181
163
178
279
584
585
128
175
516
633
120
118
143
129
137
119
977
137
144
144
156
451
923
441
162
142
133
142
131
163
167
560
131
125
164
135
142
141
147
187
140
137
477
136
137
166
140
148
169
143
478
188
135
136
148
131
150
134
132
208
148
134
135
129
135
129
136
131
132
126
132
252
130
133
135
132
136
132
132
140
130
129
133
134
142
163
184
136
185
128
147
136
130
134
134
135
133
772
133
127
484
464
149
132
134
139
129
187
138
130
141
150
137
137
133
134
452
134
133
138
137
137
151
140
198
133
450
171
172
252
133
139
136
131
138
136
159
147
135
461
135
130
489
133
134
129
128
133
131
139
138
133
131
136
129
134
136
869
172
132
136
130
136
137
136
130
134
151
136
136
139
135
137
139
140
141
131
133
155
130
135
191
141
137
132
129
151
136
138
134
136
142
137
135
139
146
138
136
136
135
138
184
559
150
138
135
138
140
138
141
141
124
154
148
146
146
141
130
128
564
541
134
135
132
132
140
138
131
135
155
137
131
142
159
151
132
138
131
140
148
134
138
138
138
153
140
144
130
136
132
131
134
137
532
107
136
138
189
142
139
137
135
136
135
773
459
775
164
163
128
132
178
135
211
131
134
132
130
135
170
216
136
133
137
136
188
135
205
141
130
135
136
132
137
132
134
130
179
142
127
134
185
136
254
136
163
139
143
487
133
203
182
491
132
145
503
134
136
144
218
136
136
137
139
253
138
137
219
144
262
170
515
145
175
476
172
138
137
136
164
137
484
442
156
137
198
133
136
130
133
133
133
139
129
142
140
147
141
141
140
141
140
156
122
234
531
156
141
141
125
125
156
141
156
125
141
141
141
140
125
141
141
140
141
140
781
125
156
140
141
141
141
187
562
141
141
141
141
125
141
125
125
141
141
141
125
141
141
188
141
484
172
156
469
141
172
469
141
141
140
140
156
141
140
140
125
125
141
141
140
484
157
125
125
125
141
797
141
141
141
125
187
125
234
125
141
141
171
157
125
485
141
140
125
172
141
140
110
141
140
140
140
141
156
140
141
172
125
141
484
703
140
187
125
141
125
141
125
125
125
140
469
172
141
140
140
125
469
485
141
188
141
141
469
156
141
157
141
140
579
140
453
187
140
500
156
141
140
125
141
125
140
469
172
140
125
140
172
500
781
125
188
141
141
469
156
172
453
125
453
125
172
141
141
468
469
141
141
125
141
141
124
469
188
125
141
187
125
172
140
484
125
125
141
141
812
172
157
141
141
453
141
172
125
156
140
125
141
140
140
141
140
140
141
140
140
125
141
109
188
140
141
125
141
125
125
141
125
141
141
125
125
125
118
532
140
141
141
125
141
125
125
141
141
516
140
125
140
141
140
140
141
125
140
125
125
140
157
140
188
141
141
141
125
141
140
547
125
141
141
141
141
140
547
172
126
140
156
141
140
141
140
157
515
140
141
194
515
141
141
140
141
140
140
141
115
125
141
563
125
141
141
125
547
125
141
141
140
140
141
140
141
125
141
141
140
141
156
140
141
156
140
125
140
141
125
141
141
140
125
141
140
124
157
140
141
141
140
141
515
141
141
141
140
125
188
157
125
140
203
125
125
125
141
140
140
157
157
140
140
173
140
875
453
141
140
125
140
484
140
141
141
140
125
140
141
125
157
125
125
141
125
172
141
125
141
141
562
141
187
156
141
578
140
890
453
219
140
125
141
141
140
141
125
141
140
125
141
141
156
141
140
531
141
124
141
125
141
140
125
140
141
141
141
125
140
140
141
141
140
125
141
141
141
141
140
141
156
141
125
141
140
141
141
141
140
125
141
125
140
140
156
562
141
141
140
125
141
141
141
125
140
125
141
125
125
157
141
125
109
141
125
140
141
125
141
141
125
141
125
141
141
125
141
141
140
141
829
250
125
125
547
141
141
125
125
141
140
125
141
141
140
141
141
140
140
141
125
141
141
141
141
141
140
125
125
141
125
141
125
125
141
125
218
125
141
140
125
125
125
125
141
141
140
141
125
140
141
125
859
141
141
141
141
141
125
125
141
140
141
187
250
860
141
140
141
140
141
188
141
141
140
110
125
119
141
140
140
109
141
141
141
125
140
125
140
125
141
140
125
141
125
140
125
141
141
125
140
125
141
125
125
141
125
141
125
140
141
547
156
124
125
140
141
141
140
125
141
141
125
141
125
563
547
125
140
141
140
141
125
141
141
156
563
140
469
125
141
140
140
125
156
141
125
125
141
141
140
141
141
125
140
125
139
140
140
125
141
141
140
141
125
125
141
140
500
156
125
125
141
140
141
141
125
140
125
125
125
141
125
172
141
109
140
125
141
141
141
141
140
141
141
125
125
141
157
125
141
140
125
125
140
141
141
125
125
140
141
141
141
124
141
140
125
125
141
124
125
110
140
125
141
125
140
297
468
140
140
125
125
813
141
140
125
140
140
141
812
141
125
141
141
140
125
141
125
156
126
125
141
141
141
125
547
156
125
469
141
438
125
140
141
140
141
171
141
532
188
141
125
141
141
125
140
140
202
484
125
140
141
235
140
141
140
141
188
125
140
141
194
141
125
157
140
141
141
140
140
141
140
141
140
140
125
140
828
141
141
140
140
141
125
125
141
141
125
188
187
172
156
141
125
140
141
125
453
140
141
140
484
125
125
157
141
141
125
172
165
156
141
141
141
140
141
140
140
126
125
141
125
140
125
140
141
531
563
140
469
140
109
797
172
250
469
141
141
141
141
141
204
140
141
156
188
141
125
141
125
125
141
125
125
141
125
500
125
118
172
140
125
141
141
125
140
141
125
125
110
125
125
140
140
125
141
140
141
140
125
781
843
141
140
141
141
125
125
141
109
141
125
140
141
140
125
157
141
125
140
141
125
140
172
172
141
134
141
125
141
125
141
141
125
141
125
141
125
125
141
203
125
125
141
125
141
141
141
140
141
156
250
125
140
140
140
125
140
141
125
140
140
141
188
125
141
125
187
175
125
125
141
141
141
108
138
141
141
141
125
140
141
125
485
140
141
140
141
141
141
140
141
125
156
156
125
531
125
141
140
141
156
141
500
141
125
140
124
125
141
140
141
125
141
124
766
125
125
141
141
453
547
453
124
125
157
141
141
141
140
531
140
125
140
844
141
125
141
141
140
141
140
141
141
141
125
140
188
250
141
141
140
125
125
141
125
125
140
125
141
125
563
140
141
141
156
141
141
141
125
109
140
125
125
109
123
141
125
125
141
141
141
140
141
110
125
141
125
140
141
140
140
140
140
140
141
140
125
125
125
140
125
125
125
485
124
125
125
141
110
140
125
140
125
125
141
140
141
140
125
125
203
125
140
141
125
140
140
125
124
125
141
125
140
140
141
141
125
140
125
125
141
125
250
125
141
125
141
125
125
140
141
140
141
125
125
143
344
141
141
141
125
141
140
126
125
125
125
125
125
125
140
141
140
123
141
141
141
125
140
125
126
125
141
141
140
125
141
125
140
141
125
141
125
797
140
125
125
125
140
141
141
141
141
140
125
125
140
141
140
125
140
125
125
125
140
125
125
141
125
187
125
140
125
141
140
141
125
125
141
125
532
125
141
125
125
140
141
141
141
140
125
125
141
125
141
469
562
140
141
140
125
140
140
141
141
141
141
140
484
118
140
141
140
125
141
125
125
140
125
140
125
125
250
890
115
141
125
125
125
125
125
125
125
547
125
125
531
141
109
125
141
141
125
125
125
875
125
125
141
141
125
141
125
547
469
140
125
125
110
125
453
141
125
187
141
125
141
140
125
140
141
125
140
141
140
109
141
125
125
140
125
453
141
141
140
141
140
156
140
141
125
141
140
125
141
140
140
125
140
125
141
125
125
140
125
172
140
234
141
141
125
141
141
125
125
141
141
141
140
141
125
141
141
140
141
124
140
141
125
141
141
141
140
125
157
469
141
125
141
125
234
125
141
203
532
141
875
453
141
125
141
125
125
141
125
141
140
125
125
140
141
125
141
141
116
125
140
141
141
110
141
125
125
125
141
828
125
141
140
140
141
125
140
203
562
141
141
140
141
875
147
140
141
157
156
141
516
141
125
141
141
141
156
140
156
141
156
141
828
141
140
141
157
875
141
484
141
140
125
141
125
141
141
141
141
141
141
141
140
141
125
125
812
484
140
141
156
141
140
141
141
125
140
829
234
125
563
140
124
141
140
171
141
156
141
141
141
141
141
141
125
141
141
141
141
140
140
140
141
140
125
140
141
141
141
141
140
125
140
125
141
126
109
140
140
140
141
141
125
125
141
125
124
125
141
515
117
141
141
141
828
140
125
344
140
125
141
125
125
125
141
125
141
125
125
125
453
125
140
125
140
141
125
125
125
141
125
125
141
188
141
141
563
125
115
141
125
141
140
125
141
125
141
141
140
125
140
141
125
125
140
813
140
125
125
125
125
140
125
141
797
500
125
141
125
125
141
125
125
125
140
140
125
203
141
141
141
141
172
140
125
141
140
125
141
141
141
844
140
141
140
141
125
125
125
125
125
125
141
484
141
141
891
125
125
140
125
140
125
141
141
140
125
125
141
141
114
140
141
125
140
141
125
140
125
140
125
125
141
125
125
125
531
173
125
141
141
125
125
125
140
141
125
140
141
140
125
546
140
125
125
125
125
453
125
141
578
125
115
140
125
125
891
859
156
125
141
125
124
250
141
125
140
125
141
125
125
125
141
140
141
125
125
141
125
125
139
141
141
125
141
141
125
156
172
156
469
563
469
141
140
141
141
437
140
125
141
125
140
125
125
140
125
828
140
203
125
141
125
125
125
140
125
125
125
140
125
141
140
125
125
141
125
125
125
141
141
140
140
140
125
141
125
141
125
141
124
141
125
125
140
125
125
140
141
485
141
828
125
125
125
141
141
140
140
141
141
125
125
125
112
453
141
141
125
141
140
125
125
141
140
118
141
125
141
125
140
547
141
125
140
140
141
140
140
125
125
141
125
125
125
547
125
125
125
141
140
141
141
140
140
125
125
141
140
140
125
125
140
125
140
125
140
125
125
187
125
125
140
125
125
140
140
125
141
125
141
125
141
156
250
140
140
187
141
141
125
141
140
141
125
141
141
141
859
141
141
140
125
141
140
172
170
141
125
141
140
125
124
140
140
141
109
125
141
142
156
140
125
125
125
547
141
125
125
141
125
109
125
141
125
140
141
140
141
453
890
125
141
140
141
172
843
125
125
140
125
124
141
140
141
141
125
141
140
141
140
141
141
125
141
141
140
531
235
140
140
156
125
140
141
125
141
141
140
141
125
125
141
140
141
156
140
109
125
141
141
141
125
125
125
140
141
140
125
125
141
118
469
125
125
344
140
125
140
140
141
468
140
860
500
140
141
125
125
203
125
141
125
141
141
125
125
141
531
140
140
250
125
125
141
828
141
125
141
484
141
141
125
125
187
125
156
141
484
172
141
125
141
125
141
141
125
860
141
125
141
125
125
140
125
469
484
781
141
469
125
156
156
141
765
547
95
141
125
141
157
125
125
109
141
141
125
125
844
125
141
125
125
141
125
125
109
141
140
125
125
140
125
125
125
125
140
125
547
125
109
125
125
125
141
141
140
141
516
126
140
141
141
125
125
141
125
125
126
125
141
516
114
125
141
141
141
141
172
141
140
141
156
141
141
140
141
141
141
140
563
125
140
157
140
140
140
141
141
125
125
125
156
156
469
140
140
172
141
156
125
500
125
140
468
141
125
172
141
140
125
141
484
172
172
469
125
500
172
125
141
469
125
141
141
140
531
562
156
141
125
141
125
125
140
109
187
141
141
140
141
125
140
156
140
141
125
171
124
453
141
140
141
140
156
141
140
141
144
125
141
116
469
125
141
125
140
141
156
156
141
141
141
124
141
140
203
140
141
141
859
141
141
141
547
125
141
140
140
141
140
125
125
125
125
125
141
125
140
125
140
156
125
125
141
125
140
125
125
125
125
125
141
140
125
125
125
125
125
125
125
516
140
141
859
234
500
141
140
140
141
141
125
140
125
812
125
140
563
750
141
125
141
140
140
141
125
110
187
141
125
125
125
140
484
844
125
141
141
125
140
141
125
141
141
125
156
125
563
531
547
453
125
109
141
141
140
110
118
234
140
171
125
110
125
125
172
859
219
125
141
140
125
109
125
203
485
125
141
125
125
125
140
125
141
156
125
140
140
125
141
125
141
141
125
547
125
141
141
531
141
125
125
485
125
124
515
156
141
140
141
125
125
125
859
828
125
141
125
141
125
141
141
125
140
141
141
125
125
172
141
125
125
125
141
344
141
141
125
140
125
141
141
125
125
125
125
140
125
125
141
141
859
125
141
250
140
140
140
140
234
125
125
125
125
453
125
140
125
140
125
125
125
140
125
140
125
141
110
141
125
125
125
141
140
140
140
115
125
184
344
140
141
140
125
140
125
125
141
141
125
141
125
141
141
141
141
141
125
125
125
187
125
141
141
125
125
126
141
140
141
141
140
140
125
140
156
141
188
140
844
782
124
141
140
140
141
141
203
563
141
141
140
156
141
141
141
140
141
141
140
141
111
172
140
141
140
125
203
563
140
125
125
125
141
140
125
109
125
140
125
125
610
453
125
172
156
453
140
140
125
125
125
172
141
125
531
485
140
125
812
125
140
140
141
125
484
173
141
125
141
172
156
156
157
125
172
172
141
546
829
141
125
141
125
125
140
469
140
797
453
141
125
500
125
141
140
125
125
203
141
140
187
141
125
125
141
140
125
140
141
141
125
141
140
115
125
141
125
140
125
141
125
563
562
562
125
125
124
125
125
141
844
125
140
140
141
140
125
141
781
141
125
140
125
125
859
547
468
141
125
140
125
125
125
125
117
453
140
109
297
172
141
125
125
125
125
125
140
125
141
141
125
156
578
140
141
109
141
140
125
125
141
782
125
140
125
140
125
141
125
125
828
140
125
125
125
141
140
125
141
125
125
125
125
562
141
140
141
140
250
875
125
140
125
141
140
125
125
125
140
140
125
109
125
500
140
125
140
125
125
140
125
125
140
125
140
125
125
125
125
140
140
140
141
141
140
141
500
141
125
125
141
141
125
141
141
156
156
140
141
141
141
143
141
141
141
140
141
125
140
140
140
125
141
156
140
140
140
141
140
125
125
141
140
125
125
140
172
140
125
141
125
157
125
156
141
141
141
141
141
140
141
141
141
125
125
141
125
141
125
125
141
125
141
172
141
141
141
140
125
143
187
140
126
140
141
141
875
140
141
141
141
141
141
125
141
140
125
141
125
125
141
500
125
125
125
141
141
218
125
141
125
125
125
141
125
171
125
125
140
125
141
125
125
140
829
140
125
125
125
141
125
125
125
125
125
547
859
140
140
125
141
125
125
125
125
137
125
125
141
140
125
141
125
141
125
218
124
141
141
125
141
125
125
140
500
594
156
125
141
125
109
125
500
141
125
125
125
125
125
125
125
125
141
141
125
140
125
125
125
141
125
125
140
516
125
141
125
125
125
126
125
141
125
532
125
141
109
141
250
140
141
141
125
140
563
141
141
140
125
125
125
125
141
156
219
563
125
125
140
125
141
125
125
141
140
547
141
140
141
140
125
141
125
125
141
125
125
125
125
141
141
141
125
125
125
141
140
125
156
125
109
125
125
140
125
125
141
172
547
125
140
125
125
141
141
125
141
140
125
125
125
125
125
141
141
141
125
125
125
157
125
890
140
125
141
125
140
141
156
125
125
829
140
125
125
141
140
125
125
797
141
125
125
140
110
125
140
141
125
188
219
140
125
140
515
172
125
140
141
109
125
141
125
125
125
125
125
141
125
141
125
140
141
125
140
125
187
140
141
125
141
125
469
125
140
125
140
141
140
141
188
125
140
141
125
766
125
125
125
172
859
156
140
187
124
125
141
125
125
500
140
140
140
125
438
125
125
141
125
860
500
141
140
141
125
140
141
141
125
141
141
125
141
125
125
125
141
125
125
140
156
125
141
235
547
125
141
125
141
141
219
453
125
141
125
141
141
141
125
141
141
140
125
140
125
141
140
172
125
125
140
141
125
125
141
141
141
125
140
140
140
141
125
141
125
140
140
562
828
125
125
125
141
125
125
141
125
125
141
140
141
125
141
141
828
141
125
125
141
125
141
125
874
171
125
125
125
140
562
438
125
141
562
250
125
140
141
156
140
126
140
141
140
188
125
125
125
125
141
562
844
125
141
140
125
141
153
172
141
125
141
125
140
125
187
125
125
125
157
859
250
250
125
140
141
141
140
157
125
859
859
141
125
125
125
125
125
182
547
125
141
172
141
141
125
125
126
126
219
141
141
109
125
141
125
140
125
125
453
123
103
141
109
140
141
125
141
125
125
125
125
125
125
125
141
141
110
125
172
141
140
141
125
125
125
141
125
139
125
125
141
125
125
125
500
125
125
547
141
140
125
125
125
875
828
141
141
125
125
141
125
141
141
234
891
140
141
141
157
125
141
516
859
141
141
141
141
141
125
172
125
125
141
141
140
125
141
141
140
141
141
141
141
140
125
797
125
141
141
141
140
218
156
547
190
125
125
141
141
125
141
125
125
140
141
875
125
141
125
125
140
125
125
141
141
125
141
875
531
140
125
219
141
141
141
109
110
125
125
125
187
141
125
125
141
125
141
140
125
547
141
141
125
140
169
141
125
140
140
141
125
140
141
125
125
141
141
125
141
125
140
125
140
125
140
141
140
125
140
500
125
141
141
125
141
141
140
219
125
141
141
172
140
141
125
125
140
125
125
125
124
453
297
140
118
109
125
125
140
125
141
125
125
140
141
140
125
140
141
125
140
579
219
140
125
140
125
125
140
141
172
140
109
125
125
125
125
141
140
141
125
156
171
515
125
125
125
140
140
125
141
125
141
141
828
125
140
125
141
140
141
140
141
125
125
781
125
124
125
141
125
141
125
125
156
500
172
125
140
141
141
125
125
125
125
141
125
125
562
219
141
141
125
141
125
141
141
141
171
125
125
125
125
125
141
125
141
125
140
156
141
125
140
179
140
125
125
125
117
141
125
125
172
859
125
141
125
141
141
141
109
141
157
140
156
141
140
157
140
141
141
156
141
141
172
140
141
141
125
125
140
125
125
125
140
125
141
500
141
125
219
143
141
140
141
140
140
141
125
590
125
141
125
141
141
125
141
141
125
140
562
203
141
125
141
797
141
141
140
125
125
125
141
125
141
531
203
547
125
125
125
140
125
109
141
140
125
125
141
141
141
141
141
125
141
141
125
140
125
140
125
125
516
110
141
141
141
141
140
125
141
125
141
141
125
140
141
125
125
172
140
141
125
140
141
516
125
140
141
141
125
125
125
141
562
141
125
140
140
125
125
140
140
141
156
890
137
531
359
140
813
1515
140
141
187
109
125
140
125
140
141
125
140
172
141
125
140
125
125
125
151
141
172
165
562
141
156
125
141
141
141
141
140
141
141
140
141
157
141
141
125
141
141
140
109
125
141
125
141
125
141
140
140
515
140
125
140
141
141
126
124
140
125
125
187
141
125
125
125
125
860
125
141
141
141
125
812
188
140
125
141
797
546
219
125
125
125
125
125
140
125
125
141
125
124
141
125
125
125
125
125
344
125
125
140
141
140
125
141
125
172
141
140
141
141
140
140
141
125
141
140
125
141
187
875
141
125
141
141
125
140
124
123
141
141
125
140
125
125
141
125
141
125
141
109
125
141
125
140
141
141
125
140
125
141
125
141
125
140
515
125
125
125
141
172
125
141
141
125
140
140
125
141
140
125
125
140
141
469
859
125
125
141
140
141
140
141
188
125
125
141
843
547
562
141
141
125
125
140
141
140
125
125
140
125
125
125
125
156
174
125
140
125
125
125
140
125
141
141
140
140
125
141
125
125
125
141
500
875
140
859
156
125
141
125
547
219
500
125
125
171
797
141
157
187
484
157
125
141
141
188
141
140
484
141
469
118
562
125
141
141
813
141
140
125
125
140
438
125
125
141
125
141
141
125
141
125
125
141
141
141
547
125
141
125
141
112
140
141
141
125
125
125
125
141
125
563
797
125
125
141
156
141
125
141
141
140
141
140
141
141
125
140
141
250
140
141
141
140
140
500
140
485
203
140
140
141
140
141
531
140
172
126
172
156
157
141
125
140
141
140
141
157
156
141
156
812
141
141
782
140
171
156
141
125
531
141
140
141
125
156
140
140
141
141
141
140
141
141
141
125
140
141
140
140
140
141
141
124
141
140
125
203
125
125
141
141
141
141
141
141
562
141
125
141
141
469
172
125
140
141
125
125
141
500
453
140
125
125
125
125
140
125
125
141
125
142
453
125
141
578
469
125
125
141
140
125
141
140
172
141
141
125
125
125
141
141
141
828
125
140
126
125
484
563
125
125
531
860
515
125
125
110
156
140
125
125
125
141
125
140
125
125
140
125
829
578
469
125
140
125
141
125
141
141
141
453
563
140
141
125
141
141
141
141
141
141
140
140
141
141
125
140
125
141
156
546
563
562
828
125
141
125
172
125
203
141
578
140
125
141
141
125
140
125
125
141
125
125
469
141
125
125
125
125
125
531
194
141
125
125
140
812
563
125
140
141
125
203
141
140
125
313
141
453
500
563
125
125
141
516
140
141
125
157
141
140
141
125
782
125
125
125
141
141
187
141
140
125
141
141
125
484
563
141
141
141
141
203
172
140
125
125
125
140
140
141
141
125
141
125
125
141
125
125
125
140
125
125
875
844
141
172
157
125
125
141
125
125
141
125
141
140
469
141
500
469
125
141
219
125
125
531
141
125
140
141
484
140
125
125
141
125
125
140
125
126
140
125
141
140
125
125
141
140
141
140
125
125
125
140
125
109
141
469
172
140
141
125
141
875
140
125
141
125
188
125
109
125
140
125
141
125
531
125
125
141
125
125
125
453
125
172
125
125
141
469
125
125
141
141
484
125
140
111
125
250
126
109
125
141
250
843
125
150
140
141
140
125
125
125
125
141
125
172
141
141
156
125
140
126
141
125
125
141
125
141
485
484
125
141
125
141
156
203
187
125
797
812
140
141
125
140
125
125
141
140
141
125
140
125
126
125
141
140
125
141
125
125
141
109
141
125
141
141
140
125
141
140
125
141
157
125
125
125
141
178
125
141
148
578
172
141
125
124
125
125
140
141
141
125
125
141
125
125
140
125
125
125
141
125
125
141
140
141
125
469
140
125
125
125
125
453
125
125
125
141
125
125
125
140
469
453
140
125
453
140
125
172
125
468
125
117
188
140
125
125
141
125
141
125
250
781
125
125
125
469
125
125
125
125
125
140
140
141
141
141
140
125
141
140
125
125
141
125
500
125
437
859
125
141
125
141
141
125
156
844
140
125
141
141
140
171
485
141
141
140
125
125
141
156
500
766
109
125
125
140
125
469
125
140
140
249
125
125
125
125
141
125
485
140
125
141
203
125
141
453
141
140
140
125
140
125
141
125
125
125
141
125
141
125
125
453
125
125
141
140
141
172
126
157
468
141
141
484
125
141
140
125
125
125
250
140
125
141
125
125
140
125
125
125
125
125
140
453
828
125
140
125
203
125
141
140
140
125
140
250
141
125
125
141
125
141
141
109
141
125
141
468
117
141
140
140
141
141
156
125
141
125
141
141
141
125
125
141
140
125
141
141
112
484
140
125
141
141
125
219
141
125
125
125
844
109
125
141
141
125
125
125
312
860
125
125
125
516
115
140
141
141
125
140
125
141
125
125
141
140
125
141
125
203
140
125
141
125
125
141
140
125
125
125
125
140
516
141
125
140
140
125
140
125
454
140
141
125
140
515
141
125
125
141
125
141
141
125
125
141
125
562
125
125
141
125
110
125
141
141
141
250
141
141
125
141
140
125
125
141
125
140
141
203
141
125
125
219
234
250
141
140
875
117
125
125
125
125
141
125
125
141
141
141
140
141
125
141
140
140
140
141
141
172
875
125
141
109
141
140
140
141
188
140
125
141
141
141
125
140
140
125
234
141
141
125
141
125
140
125
516
250
140
828
125
140
141
140
140
140
125
141
141
125
140
140
141
140
125
125
141
140
141
140
125
141
140
125
141
781
125
140
141
125
125
140
141
125
140
140
141
125
141
234
124
125
125
125
500
578
547
140
125
125
516
218
141
125
141
140
141
125
140
141
141
125
484
125
141
141
171
140
203
140
141
125
141
140
141
140
125
141
140
141
172
125
141
125
140
125
125
125
140
141
141
125
141
141
140
141
141
125
141
500
141
140
141
125
140
546
172
140
141
140
140
141
141
140
141
531
250
125
125
112
141
140
141
141
140
141
125
140
156
125
125
125
143
140
141
125
109
125
141
125
140
188
140
156
141
140
141
141
141
125
125
141
148
140
125
141
125
187
125
843
148
500
140
234
125
141
125
125
140
219
546
141
125
141
125
125
125
125
125
141
829
141
125
141
125
797
141
141
125
140
141
123
219
125
125
141
140
109
125
141
141
141
141
140
125
140
125
875
531
141
125
125
141
125
141
141
859
875
140
125
141
125
203
125
125
141
141
125
141
141
140
125
141
141
813
203
125
140
140
140
125
204
484
117
140
141
124
125
172
250
140
125
141
125
125
140
125
141
141
141
140
109
797
125
125
125
125
141
125
250
141
140
141
125
125
125
125
859
875
125
125
141
140
140
141
140
125
141
125
468
266
141
141
125
141
141
156
142
203
125
532
828
141
140
141
125
125
125
125
125
140
172
125
140
125
141
141
125
125
125
516
141
109
141
141
125
140
141
125
141
140
141
140
171
141
141
140
141
188
218
125
125
140
125
141
140
828
125
125
125
109
188
125
125
140
125
828
469
141
125
141
141
125
125
187
140
141
218
516
234
547
234
547
125
141
141
125
140
141
829
437
141
156
125
125
141
140
114
891
125
125
125
125
125
141
125
125
125
547
828
234
250
125
125
125
140
125
125
219
531
125
141
141
125
115
219
219
141
140
125
125
140
125
125
140
140
141
140
125
813
125
125
141
125
141
438
141
140
141
563
859
125
140
125
141
125
140
125
125
141
125
172
188
141
125
125
125
125
109
125
172
500
140
141
141
156
219
140
125
141
125
125
141
125
140
125
125
141
563
125
140
141
141
125
140
125
125
141
125
125
140
125
125
125
140
234
141
125
141
125
141
140
141
219
125
141
141
125
844
156
141
515
125
124
125
140
110
531
125
125
547
234
859
547
======================================
Avg Time: 149.8975366480278
