11
13
9
8
7
8
8
8
12
12
12
8
10
11
12
12
12
11
13
11
9
9
11
8
11
8
11
12
9
11
12
12
11
8
11
12
7
11
12
7
8
11
11
12
12
12
11
7
10
11
7
12
7
11
11
12
11
9
7
12
12
7
13
7
7
7
7
12
19
11
11
11
7
12
7
9
7
7
12
12
9
11
11
12
7
11
9
7
12
11
12
11
12
11
7
11
11
11
12
12
7
11
9
9
12
12
12
7
7
12
11
11
12
7
11
11
9
12
7
7
12
12
11
11
7
12
11
12
11
11
11
11
8
11
7
11
11
11
7
11
7
7
8
11
12
7
7
11
12
8
11
9
11
11
11
12
11
11
12
12
7
11
12
11
9
7
11
11
9
11
12
11
12
11
11
12
7
12
11
12
8
11
11
12
11
12
12
11
7
11
8
8
12
11
11
12
11
12
12
11
12
11
11
8
7
10
11
12
11
8
11
12
12
12
12
7
12
7
7
11
12
12
12
9
11
10
11
12
7
11
7
11
12
11
11
11
7
12
12
11
12
11
12
9
11
12
13
12
9
12
11
7
11
11
11
11
8
11
11
12
11
12
12
7
9
9
11
8
11
7
11
9
11
12
7
7
11
12
12
8
11
11
12
7
9
12
11
11
11
12
11
7
7
9
12
12
11
10
7
12
12
11
11
8
12
12
8
11
11
12
7
7
12
8
11
12
11
7
12
11
12
9
11
11
12
11
12
7
7
12
12
11
11
12
12
11
12
11
11
12
12
11
9
7
11
12
12
7
11
8
12
12
11
12
11
12
12
7
11
12
7
11
11
8
12
11
12
11
11
7
8
7
11
12
9
10
10
11
7
7
12
11
12
11
10
9
12
12
12
7
9
7
12
12
11
11
12
7
12
11
11
12
11
11
11
8
11
11
12
9
9
12
12
12
11
11
11
12
7
12
12
12
7
9
11
12
11
12
12
7
11
9
11
12
7
11
11
12
12
11
12
11
7
7
9
7
7
11
8
11
11
11
11
9
12
12
9
12
11
7
11
12
======================================
Avg Time: 11.318181818181818
