918
2303
777
1770
810
1164
624
2650
607
630
844
1300
1642
604
2457
1213
1041
618
935
645
1686
611
644
655
563
2864
605
618
565
589
617
835
1617
1776
585
597
626
661
1666
580
586
2688
632
833
615
1283
1560
606
630
1583
2012
742
552
559
2510
576
545
591
970
669
590
1817
564
567
532
577
542
595
599
577
590
1742
585
573
2215
609
1663
557
593
559
1447
604
590
608
582
1439
594
560
1894
595
578
1547
570
573
580
621
1855
550
889
627
610
619
1976
643
1930
498
587
1578
595
598
588
590
572
591
2026
505
550
557
640
1859
563
603
541
1656
578
608
1617
588
2033
565
640
667
580
600
594
1645
633
566
1994
564
556
562
1629
578
601
549
635
582
1973
549
597
539
1330
475
578
594
1870
577
589
620
579
591
557
1114
915
568
949
1650
574
581
1339
560
569
578
603
579
638
576
537
544
551
536
620
573
593
584
608
1472
615
603
1968
565
622
1611
554
615
614
2047
556
562
942
816
585
1175
576
511
558
556
593
621
589
593
530
524
596
575
609
583
647
1985
600
557
991
1277
600
591
1660
586
587
1857
587
612
606
1859
574
605
1710
594
595
1755
606
951
1414
565
642
1770
1065
577
572
1714
619
607
598
563
544
598
2268
596
551
593
604
562
952
947
1880
608
498
898
585
553
1469
612
567
1777
588
651
1405
616
613
577
1634
565
545
592
633
1042
1331
589
536
2210
837
582
1740
547
608
544
1908
818
588
586
554
743
548
927
616
563
546
1530
584
605
552
653
605
591
558
578
2029
610
2139
587
535
566
850
1037
917
1500
956
1524
622
940
644
964
1269
945
1242
965
1366
651
638
990
632
1237
657
559
593
550
541
1817
1033
595
568
568
1757
608
572
1675
593
575
1627
618
568
1535
617
584
1309
601
605
577
1641
612
916
888
542
568
1691
621
611
635
1417
654
553
600
1889
564
545
543
977
911
558
596
946
596
561
2183
609
625
543
604
585
1594
555
1885
607
563
634
1665
602
612
609
877
646
1244
1065
604
634
1612
554
556
576
1360
587
578
633
623
571
627
1308
581
569
532
504
620
1854
572
595
579
609
584
2120
573
662
605
1691
562
604
1575
524
612
1320
558
551
1731
537
616
585
1557
562
1582
605
541
649
1681
549
550
589
577
537
594
1410
599
575
581
606
574
1357
572
567
560
1657
696
652
960
619
604
627
1740
600
619
575
572
636
597
1265
605
591
1253
603
572
591
587
591
556
579
1816
581
598
614
2031
570
615
925
1198
573
641
926
585
564
2070
645
537
614
995
1957
597
619
1388
957
572
546
1254
504
589
889
698
582
642
1952
606
608
565
1016
1328
553
583
1648
621
611
2031
588
590
657
870
616
625
1063
654
599
640
695
604
639
699
973
719
898
1251
933
920
985
677
971
794
738
974
1326
1422
728
592
2144
622
558
935
707
661
653
955
675
1054
618
999
1347
1020
681
538
546
606
1640
592
606
1836
1279
883
986
1106
1620
724
965
575
1799
1608
617
940
1604
584
1572
640
1289
1007
720
931
923
1326
1012
646
569
628
1507
1237
953
1273
635
995
915
1258
1250
665
1592
1603
568
492
1363
562
539
1396
588
633
571
896
2005
660
649
541
791
644
610
594
649
1914
607
587
588
1664
591
612
1588
582
593
2252
905
610
585
1362
634
603
575
618
588
745
1361
684
530
1328
628
559
588
644
1652
573
579
1582
588
608
592
523
1637
568
594
531
620
602
533
1880
599
560
1655
583
594
1562
595
614
1255
582
640
592
935
1624
551
638
702
603
556
563
3687
593
595
582
580
651
887
566
557
565
1875
623
1131
1252
633
632
1077
941
604
1681
546
603
623
1802
606
587
626
564
922
1340
611
554
632
520
594
491
1141
2421
616
632
1423
601
577
937
2111
522
607
1071
1907
573
599
600
3341
581
560
592
560
591
577
586
1628
627
594
1356
539
554
1959
550
614
556
554
536
1353
528
612
1828
637
608
608
598
911
582
566
565
644
1081
591
649
524
616
592
623
1356
695
656
977
551
749
789
1343
686
530
1722
1023
1098
576
1054
1019
619
1000
968
1312
1276
1597
1321
849
769
1491
775
710
798
702
948
1004
511
501
586
568
540
549
535
1397
588
601
825
781
693
696
1519
758
1130
669
930
551
561
635
1109
1156
554
629
2028
732
571
1244
537
1673
654
1019
666
2170
650
575
638
664
878
1510
811
973
1331
578
573
621
970
1247
570
613
561
1872
568
650
661
936
980
869
1580
641
1408
757
600
924
565
626
567
1816
903
545
1292
553
1657
569
579
1569
1282
958
696
557
638
1452
603
597
616
581
858
613
1673
641
1329
852
565
573
883
1301
636
1650
574
569
1745
548
655
1927
575
590
1274
583
586
916
631
998
1292
676
1321
990
961
1336
1023
1605
613
578
579
616
1317
962
569
633
1030
867
668
1651
1040
588
1601
1387
555
1663
593
607
583
2326
595
563
580
2199
1278
556
594
634
1922
622
582
604
2054
611
559
952
593
583
526
1493
981
614
579
555
1367
605
662
1439
605
573
583
559
2146
601
1927
718
684
575
642
549
611
1778
602
552
593
1597
552
612
889
553
1270
1365
1102
1678
594
995
605
1307
678
609
1182
575
686
669
1481
1325
628
1033
1013
1334
1290
985
945
975
585
630
1836
1295
1258
637
584
537
1198
965
582
557
942
1069
615
573
863
1710
592
587
1715
557
587
571
1462
602
620
558
2426
601
606
579
1354
586
920
1414
693
618
604
1044
2234
1041
1537
620
931
556
1881
699
1041
911
580
938
562
1669
578
890
1584
616
1293
1007
1053
601
622
1614
568
535
642
620
564
1348
570
505
968
1239
567
1319
623
1228
932
955
589
1201
939
600
977
593
942
1920
899
929
1213
657
1556
585
1241
931
1868
621
1055
930
612
1399
492
567
665
1420
605
588
627
1044
687
616
579
985
907
1235
610
546
1469
625
734
1359
609
656
625
1344
532
610
1720
531
609
969
626
579
625
594
641
1422
625
625
610
1219
593
594
1671
578
641
1688
578
578
1781
578
594
1625
610
687
1578
1360
704
1656
1265
922
953
1234
937
656
1953
953
1328
969
891
954
937
609
1016
1594
672
1812
610
609
891
1375
892
1047
937
1203
579
1218
563
578
547
1047
625
1000
984
641
906
969
1281
1578
1250
984
1297
1359
999
1219
578
1281
609
1609
999
968
656
1297
1594
641
1250
953
563
984
1250
610
1375
954
937
953
1266
1016
656
985
1562
969
625
1563
938
1312
734
1218
969
1282
703
1297
641
1219
1219
1265
641
656
1047
672
1000
750
672
1828
938
1594
1250
656
1328
641
797
937
625
563
578
563
923
703
672
2031
609
609
625
1235
578
1797
609
563
562
1969
563
609
578
578
641
641
984
688
641
1563
579
984
937
594
641
1625
968
610
640
719
641
703
1282
594
922
875
1095
641
656
921
1000
922
1343
563
969
656
953
1047
1562
703
1000
1329
610
609
625
1032
625
687
1359
688
578
1312
1546
1641
1594
609
1953
640
562
2360
578
594
2172
641
1562
578
594
1578
562
563
2219
546
657
500
609
625
890
625
640
1360
563
547
1859
563
578
625
609
938
672
593
1609
547
1640
578
625
1016
609
578
985
938
578
563
1688
578
594
1046
1281
594
610
1719
532
531
562
594
875
1234
641
625
593
578
594
1905
610
610
937
593
922
578
562
1438
625
579
1359
562
578
594
1953
578
578
563
609
563
563
1562
563
610
594
843
563
641
547
546
625
594
1969
579
563
1016
640
578
1031
593
563
594
1921
625
610
1796
547
594
579
1750
641
1813
610
578
593
578
2094
641
1610
563
547
610
1422
578
578
594
1609
547
577
688
563
609
985
1562
594
625
641
656
1375
531
656
609
1063
593
594
2735
593
1672
610
562
782
1624
625
515
1344
562
625
625
1734
579
578
593
1860
593
625
578
547
688
2078
548
593
1297
625
656
610
625
1563
687
594
547
1484
1985
579
562
594
2125
563
610
594
969
594
578
1656
609
2391
610
1312
594
891
594
610
562
579
1953
578
579
641
578
548
625
609
547
968
1688
625
594
578
2610
515
625
625
1687
656
562
1953
625
562
562
1203
891
609
609
625
610
1970
594
625
594
578
1625
562
563
1328
641
562
1594
548
797
579
562
563
1906
610
578
1843
891
593
2063
656
641
1922
578
546
547
1953
609
594
594
609
781
594
578
610
1640
562
2438
641
625
625
2203
546
609
578
563
1735
609
547
641
593
1704
562
594
500
2313
672
594
1813
625
562
562
593
2063
625
610
640
2219
609
562
563
593
1766
625
593
563
3015
641
656
610
2906
562
641
578
1437
2047
562
547
563
594
578
2468
562
609
563
610
1969
1687
562
593
547
578
547
1875
594
594
547
578
2016
1156
984
626
641
531
594
546
547
578
563
578
594
2595
1468
609
984
578
578
578
3156
563
656
546
593
2000
562
578
531
922
1953
578
563
609
625
1640
640
625
546
1406
594
563
594
1968
595
609
2609
625
625
609
1359
578
578
578
578
515
1344
563
1359
1250
579
610
610
2031
625
594
594
610
1048
922
515
2094
609
610
1312
564
578
609
1204
953
609
609
1313
625
578
1297
532
610
891
578
562
578
1719
546
640
562
1672
546
594
609
1844
984
625
578
640
1297
547
594
2016
593
641
1328
609
593
563
656
547
609
594
1766
578
547
2219
578
594
563
593
1703
547
593
610
610
1906
1235
563
547
625
515
1391
578
578
1969
563
532
1672
578
562
2422
578
546
1671
578
1688
672
672
609
594
625
578
594
610
1703
609
609
2281
547
610
1984
1046
594
593
594
578
1532
562
516
594
1188
563
1235
765
625
593
609
2219
563
594
656
985
625
610
578
594
1249
609
578
1642
547
625
2125
891
938
1046
1360
1954
531
593
578
1703
594
563
641
1328
516
859
922
1031
970
1063
625
609
984
906
953
954
1562
656
547
969
641
641
594
1360
594
641
1016
609
578
578
609
1766
625
578
625
593
2421
1267
500
642
609
579
1375
610
516
1688
563
625
625
1969
609
594
609
1969
1234
531
641
578
577
609
1751
563
641
593
1735
547
625
563
594
578
2078
594
625
562
594
578
609
2516
609
624
609
578
1703
609
2015
578
625
672
906
2031
547
578
594
907
922
531
625
547
579
2172
625
562
563
610
641
578
579
1359
563
610
953
1688
625
578
547
1609
562
578
1797
609
562
813
593
1329
547
609
1015
610
610
594
547
2266
562
625
3577
531
578
531
579
625
2219
563
610
594
594
2015
547
562
672
610
1578
625
656
625
2546
563
548
578
594
2796
547
610
594
578
3031
531
547
656
625
1656
640
625
578
578
1922
562
609
641
609
625
3157
1281
578
562
610
563
625
2735
922
562
657
593
563
2157
3095
1218
548
594
547
594
1110
2156
547
594
594
578
656
3202
609
625
516
610
625
3452
2203
578
610
625
625
578
2499
578
579
516
625
500
594
501
1938
531
516
1688
578
547
1609
594
656
593
1891
625
547
594
1328
625
578
547
609
1656
594
594
516
1656
594
579
905
1484
625
563
531
2234
562
593
640
952
1281
548
562
2266
594
578
562
625
594
1907
890
578
594
578
547
1313
563
484
531
563
531
1719
578
547
1625
625
656
1344
1312
625
563
688
593
1360
625
578
656
1953
594
594
578
531
563
640
1875
562
546
610
578
1250
937
562
1891
563
547
578
1625
531
578
610
1906
563
562
500
578
1437
921
641
578
1094
546
563
547
2062
594
609
1328
547
547
594
1673
531
641
562
2234
625
531
516
1344
546
578
579
1484
562
625
563
2219
594
532
593
562
1657
626
594
594
953
579
548
1672
578
578
1422
578
531
594
578
3015
594
578
610
547
1937
578
594
1953
531
578
578
953
594
563
562
532
859
609
578
1984
1266
578
610
594
609
562
547
547
578
1922
547
610
546
1172
1375
532
610
2297
578
593
547
547
562
563
579
1578
516
593
1563
922
594
578
515
578
1859
625
640
594
530
1984
562
579
610
563
2750
547
656
656
625
2312
547
579
2125
578
781
563
578
1235
593
579
2079
562
625
547
2046
563
546
594
1953
595
593
563
625
515
609
532
561
1891
547
1547
906
578
516
1077
593
578
1468
609
562
1453
937
547
562
1000
547
579
562
1625
532
578
2077
516
609
609
563
515
1891
859
578
563
578
578
594
641
656
1906
515
594
1375
625
532
531
578
469
1422
563
562
532
1860
593
593
1688
547
594
517
1844
578
562
875
1266
579
609
609
1906
609
515
595
1000
578
578
1406
532
578
1453
547
531
593
578
2359
532
594
563
578
625
1563
531
547
953
938
547
562
2219
609
609
1671
578
610
562
3234
546
593
562
562
1016
2360
548
828
609
1016
3251
921
594
594
594
594
546
548
563
2828
1812
563
547
530
594
500
546
610
578
1687
547
609
641
1000
984
594
563
594
1641
625
531
531
594
2250
610
594
547
563
1375
1078
548
656
1968
609
578
641
1703
563
563
1765
953
563
1313
562
594
609
547
1468
625
609
609
547
546
609
578
578
1546
593
610
578
562
1984
625
547
719
922
578
563
579
532
1797
593
578
609
1203
593
594
625
626
579
577
594
1828
563
547
562
547
1890
578
640
922
579
1062
563
610
593
1625
625
578
1250
625
578
3688
1079
641
640
656
641
609
1078
641
578
626
1984
547
578
641
1953
578
531
641
1016
640
609
1109
610
609
641
547
1297
609
547
578
1609
610
578
1437
625
578
579
656
625
625
594
1453
625
642
593
656
968
594
578
1922
609
641
626
641
2172
562
2172
562
547
593
609
1688
563
594
859
1142
562
578
595
2718
531
593
672
2235
562
954
516
1641
578
1438
594
626
1390
547
610
562
2297
547
578
594
531
562
610
547
594
656
562
594
578
594
578
1578
657
563
578
562
1703
578
610
578
2359
547
531
531
578
547
1203
547
610
610
1656
609
594
1546
1250
547
578
610
1594
625
563
609
1359
547
641
578
1953
546
610
594
594
531
625
609
578
547
594
2203
577
1187
906
594
625
2047
594
563
1890
577
532
547
531
1703
516
547
578
625
562
531
578
1750
906
672
1406
578
547
562
563
1609
625
625
1016
546
579
1500
594
594
938
578
625
547
1859
578
641
1719
656
530
578
1719
546
609
563
563
2188
530
609
687
563
547
1250
1312
594
548
2188
562
593
562
969
907
577
547
563
1703
547
547
594
2687
562
547
578
531
563
578
577
563
1562
546
484
1625
594
578
609
875
1641
594
578
1063
875
562
610
594
2047
564
563
531
594
547
1343
578
610
937
984
578
578
532
546
579
766
546
531
563
547
562
547
563
562
657
2046
547
546
547
547
594
562
579
1812
563
875
563
563
578
1968
578
610
562
547
625
2172
547
610
594
1344
1328
594
593
547
907
516
515
546
1750
610
563
578
625
1672
625
594
1766
577
750
563
2640
609
594
547
2063
1000
593
610
625
562
1890
547
578
547
1359
593
610
672
1688
578
562
578
531
1297
921
531
531
1297
593
547
546
1360
593
563
610
1985
641
578
594
579
546
562
922
1937
547
578
516
484
1531
578
547
593
1328
562
687
531
578
578
546
1063
515
578
578
593
1735
563
609
578
610
1843
563
547
547
594
1984
594
610
594
1281
625
547
547
969
1046
532
563
563
1312
562
1640
625
531
1797
891
593
2000
610
594
953
1875
531
563
1937
532
593
610
1672
609
578
1313
593
578
610
1562
562
624
562
1297
547
547
1344
624
547
1703
625
563
593
1563
531
609
578
922
562
547
1672
625
578
625
578
532
657
1594
610
578
953
578
594
594
594
594
547
625
547
1360
578
579
578
1640
578
579
610
609
531
1563
922
578
609
546
1297
562
594
578
2422
594
547
1422
562
594
1734
578
609
562
578
593
1672
922
593
1984
563
594
1297
734
563
563
594
1719
593
578
594
1687
593
547
1812
578
577
609
546
2078
610
609
562
594
578
578
578
2188
609
594
515
1312
563
578
579
562
578
594
2344
563
562
579
594
1109
548
579
609
625
1609
531
578
578
1937
594
578
577
594
547
1343
594
610
609
657
1234
563
516
625
1359
578
515
1000
1625
594
594
953
1844
577
2234
954
1469
593
562
1281
922
578
563
563
656
578
609
594
548
594
640
1954
1281
656
1265
562
2015
579
562
563
562
1500
484
562
579
547
1984
516
532
469
594
1422
984
547
594
610
563
578
1281
859
578
593
578
984
1062
515
546
610
1765
577
484
547
500
2234
515
593
641
1687
625
562
969
563
578
2250
547
610
547
547
640
579
609
484
579
1312
547
547
609
2312
625
609
609
1094
671
593
594
1796
516
609
563
547
1438
1062
656
625
593
953
1875
672
624
2282
625
718
641
2078
531
750
593
594
1704
656
625
625
672
1250
657
672
563
969
688
953
984
1282
1594
563
953
547
907
1297
1327
625
641
578
562
1281
547
640
577
656
1563
563
984
1563
578
1313
547
594
1234
640
547
1640
546
516
578
532
1719
703
579
594
578
1657
609
531
501
562
547
1187
1203
562
579
533
562
2016
562
610
610
563
1672
578
547
1547
672
578
609
610
609
656
563
532
594
1625
625
563
563
625
531
594
563
1921
609
578
1422
625
563
1625
625
515
578
1906
562
625
625
563
1437
562
610
578
563
563
813
609
1344
531
1642
563
578
563
1907
531
609
641
1219
532
1500
547
578
562
968
610
547
594
1891
625
547
594
1609
562
531
1281
562
516
562
1704
593
531
563
1000
1484
609
547
578
547
2250
547
594
609
530
1172
532
593
562
516
594
516
594
1047
609
532
610
890
546
578
593
1343
546
563
547
594
1875
500
594
531
531
609
2187
609
562
531
1687
563
594
546
594
1984
594
532
594
937
625
594
578
532
594
578
594
562
3126
532
515
609
594
2110
1203
562
547
641
2734
625
577
562
562
1797
593
563
547
485
594
1702
578
594
563
562
2078
1188
594
579
562
562
625
2390
891
609
562
531
594
1048
640
594
546
1641
1688
563
562
578
578
2422
578
531
562
578
2406
609
594
593
2125
891
577
531
578
3047
594
656
547
578
906
2484
593
594
593
562
1672
593
547
484
1344
594
562
562
734
515
547
594
594
579
1359
578
578
532
1859
562
547
1359
562
594
922
1172
578
922
1000
578
1719
531
531
579
1657
625
563
656
594
578
578
688
500
516
515
2891
594
531
531
1907
531
594
563
547
1906
578
625
922
563
1265
1250
657
1031
594
625
516
1656
563
609
578
1735
593
609
563
609
641
1890
875
625
562
610
1687
672
624
610
1000
578
562
1782
1250
641
594
609
625
844
2078
610
593
593
625
610
547
594
1375
938
563
609
546
593
531
594
1297
1516
1281
1751
609
594
593
609
906
1234
1516
1376
547
609
609
985
578
688
1297
907
938
577
672
1250
968
594
578
750
875
672
1484
625
953
625
578
985
1015
625
687
1234
1468
938
641
563
594
577
610
1266
530
594
641
969
1562
1859
1251
640
671
969
609
672
969
1031
891
656
1296
922
656
906
1265
532
1984
595
578
2109
593
578
578
547
609
1328
610
609
657
1531
532
577
563
1000
578
594
562
953
593
547
984
594
547
515
516
1328
562
656
578
562
563
610
579
594
609
562
891
563
515
922
547
2719
954
610
563
515
562
2109
609
546
625
1657
548
547
609
938
578
594
593
1625
609
593
1078
579
594
563
1937
625
547
547
563
1328
547
657
562
578
1937
578
609
610
563
3171
593
578
578
1687
1235
547
594
516
532
2172
1250
562
609
516
578
532
2203
578
609
578
1672
578
562
1656
578
672
1125
547
547
594
531
1516
547
547
1657
532
624
515
1624
610
610
577
1891
579
640
593
548
2812
578
531
609
593
593
563
594
1845
547
563
563
2625
593
563
594
562
625
547
2016
531
593
578
625
563
1875
641
594
1484
577
579
578
2625
500
578
641
656
3062
625
594
641
578
624
1578
563
2173
578
594
1734
641
594
1985
626
609
563
547
1453
593
577
578
1859
547
593
1453
578
578
564
624
577
1047
609
531
594
1233
1406
531
563
969
1234
547
530
548
1641
578
578
499
594
2297
594
625
1391
484
594
531
2968
609
562
594
1844
953
547
531
609
516
563
1641
562
547
625
1000
531
532
1953
562
594
578
579
578
578
594
1672
609
547
548
515
562
640
2250
532
578
656
1906
609
532
579
1219
984
546
641
1313
2000
579
562
500
1750
843
609
532
563
2265
625
593
501
1015
2438
578
593
562
562
3422
593
594
562
578
562
594
578
2001
547
579
532
1891
593
578
531
594
2640
547
625
563
1875
578
547
531
578
2172
562
594
594
593
578
593
1234
578
563
1547
547
501
656
625
1297
1062
593
531
1687
1375
593
640
547
1875
610
547
546
1655
579
562
547
1797
609
641
1546
578
625
609
704
1375
594
531
625
1796
1532
563
562
1969
1171
547
609
671
1390
594
562
562
938
687
562
594
2625
564
563
578
1031
594
579
531
1359
1297
563
547
563
1593
579
546
593
531
953
578
546
3109
657
562
547
578
1969
688
562
562
2906
593
641
610
610
594
563
593
1719
562
516
547
984
531
641
563
1938
641
531
578
547
1937
594
625
563
579
2625
625
562
609
515
2843
594
625
516
562
890
547
578
921
1828
578
593
485
563
1625
578
531
547
2110
516
1281
1250
672
1172
671
516
1297
969
875
953
1016
922
625
1281
531
2016
578
625
531
1938
531
578
1234
797
875
703
984
578
1281
875
595
547
610
2187
579
532
548
547
1422
562
562
531
625
2828
594
609
594
859
593
1235
1297
1281
562
1625
516
531
1312
564
593
563
2031
563
562
515
563
2078
594
578
578
563
2765
609
531
578
579
578
1266
1985
531
594
594
625
2188
578
484
595
1203
953
579
547
906
532
1704
546
546
578
531
1656
578
563
2015
531
594
1875
578
625
563
953
1594
594
578
687
2063
640
563
578
1938
532
577
579
1766
625
578
562
1797
875
593
547
546
500
610
562
2204
609
609
2391
577
517
500
1594
546
609
562
594
2641
578
609
625
2719
562
563
531
579
546
1875
594
579
516
562
2141
515
546
531
578
1079
1344
531
531
532
594
609
2470
594
578
1485
562
578
657
1454
594
610
625
641
1609
517
593
562
2344
484
813
546
641
985
578
609
578
2047
547
547
563
578
937
547
500
579
1656
1953
547
578
578
594
610
609
546
594
610
2750
610
547
515
577
2172
875
579
563
938
2017
594
625
547
547
1359
2125
547
578
578
515
563
563
594
2266
1203
578
500
578
2516
594
578
578
3000
547
578
578
1000
2281
516
547
532
485
546
609
563
2422
578
547
547
562
1703
1000
546
672
2031
531
515
594
547
2172
609
562
593
484
1266
610
609
1687
1672
563
578
594
578
1281
1610
593
516
594
578
2969
578
609
1860
579
609
593
2375
1391
609
563
547
594
594
625
594
578
516
562
484
3625
640
547
546
3079
579
531
484
548
562
1578
562
563
578
547
3188
564
609
579
1781
968
547
578
593
3171
594
562
563
562
594
2531
562
578
547
546
625
3063
516
593
499
2735
547
563
547
578
1375
547
564
579
3031
547
546
578
547
3328
563
547
530
562
594
2391
688
594
625
3000
563
562
609
593
594
3234
531
501
547
594
3109
610
609
546
563
562
594
2953
594
515
594
609
3516
656
547
593
547
562
593
1922
500
578
610
859
1908
625
578
578
610
2297
593
578
1266
1610
594
578
547
593
594
1969
594
564
484
547
562
1922
563
547
875
1250
563
547
609
2329
578
563
579
1875
891
562
578
579
1812
609
531
547
1688
1281
547
594
562
547
2751
516
578
547
563
1046
516
578
594
594
1860
1640
578
531
2062
531
563
609
547
2969
578
547
563
578
594
2359
594
609
578
532
2625
609
562
657
625
938
2641
562
594
594
578
2375
1219
547
578
500
548
531
1734
531
578
579
594
1405
1640
546
937
1015
1859
593
563
547
578
500
562
609
578
656
1984
563
578
609
515
2859
531
610
578
500
562
594
578
563
593
546
547
625
547
547
1672
625
578
657
1344
1593
562
656
2218
625
624
595
562
688
2343
593
531
578
672
2610
547
547
546
2109
531
594
609
1719
1031
546
579
609
625
1406
626
625
625
578
657
625
563
593
579
641
2016
579
562
593
578
1969
610
609
515
594
609
625
1391
531
921
547
625
1781
609
609
579
578
3078
640
547
609
610
1797
578
563
562
1907
593
578
563
1531
578
562
562
2172
609
594
594
531
1719
938
671
578
578
3265
547
547
562
562
593
2000
562
672
578
1078
1187
594
594
938
1297
1391
562
531
531
563
640
578
577
1938
547
547
641
578
594
954
1828
594
579
610
1609
594
609
562
1640
562
531
595
1984
593
578
547
531
1266
531
578
578
1719
563
531
563
2063
562
610
609
531
547
579
562
547
547
938
532
578
563
2985
546
687
594
3062
906
578
594
610
734
875
594
531
609
656
921
672
625
594
1844
1296
609
579
2421
1016
578
594
578
1954
577
516
594
2469
531
875
563
938
1625
531
578
531
781
1703
500
562
516
562
2078
594
578
578
563
547
2704
625
609
625
593
1938
609
577
640
1875
563
578
610
563
890
593
594
922
1750
562
547
562
969
546
517
594
578
547
594
1875
532
938
656
2000
625
547
594
546
2265
578
641
578
610
2391
609
594
578
594
2328
547
625
578
563
562
3047
656
594
610
578
2047
954
562
578
610
672
3593
1359
594
594
547
547
546
609
2172
594
562
594
923
1359
594
609
578
594
531
3062
594
578
593
578
3110
546
578
593
562
2391
578
609
594
563
2610
594
610
593
2328
532
609
562
625
578
2031
547
578
532
609
609
1688
501
578
578
578
1359
532
593
594
594
610
1687
641
625
563
922
578
516
594
2234
1218
594
610
547
610
532
594
578
1563
563
532
2140
781
594
1297
594
594
1484
578
564
563
953
656
594
640
2516
516
547
547
547
499
578
578
984
656
1187
1265
1297
562
2422
594
594
547
594
593
547
531
1234
656
985
593
562
1031
1641
578
593
562
2187
594
547
531
1438
562
578
562
594
594
546
578
625
1890
985
578
578
562
562
1219
922
578
656
938
563
594
546
1968
610
1593
609
562
1656
625
1281
641
547
578
1687
984
547
609
563
578
907
1375
609
1657
594
609
610
641
1906
922
953
2203
1625
1203
640
1672
578
1313
1016
1688
594
546
609
594
640
547
1296
578
938
890
735
625
1265
906
703
1328
578
922
1189
609
1282
594
1360
688
1359
594
593
859
2001
578
531
1296
609
578
1001
579
671
1438
1000
953
579
562
1406
609
704
938
1312
766
1546
1203
984
1297
578
594
781
578
563
1000
656
922
703
953
1656
859
548
562
1282
563
1328
1062
656
1312
609
578
1250
562
1641
656
609
610
672
515
517
609
1656
547
594
531
1297
1766
562
563
562
609
1297
593
547
625
1673
563
562
781
578
547
578
562
547
1860
563
579
531
547
547
577
1719
578
500
610
594
969
985
547
1016
1234
546
860
609
563
547
2312
531
641
859
1593
578
969
531
1360
578
531
2438
609
562
563
530
578
516
3531
531
546
564
594
562
547
657
1031
562
891
1765
969
610
610
2375
578
531
594
593
531
531
1797
531
547
593
563
531
594
578
2125
594
578
906
531
579
563
1296
578
921
1547
1625
578
610
562
563
563
578
656
1453
907
579
609
578
562
937
672
1281
1625
547
531
562
953
875
1141
579
1125
610
1015
1547
625
594
531
953
547
578
2047
562
562
547
562
1906
594
563
2172
547
609
578
609
594
563
546
2046
578
531
594
1937
578
562
594
624
1469
562
1094
594
577
891
1312
578
861
578
625
1281
625
939
594
672
1969
578
562
547
516
3219
593
625
656
594
2765
610
547
577
579
500
547
594
3016
547
578
610
531
594
609
735
531
594
563
625
2860
531
578
609
532
564
1344
578
578
1641
968
610
547
610
593
2016
828
563
594
609
547
2078
547
594
766
1202
891
828
1203
594
1625
1062
594
593
610
625
688
609
2015
515
594
531
1234
1172
593
594
859
610
578
594
562
578
610
578
547
1891
578
562
562
578
1594
578
609
2344
546
547
640
546
578
2422
625
609
562
563
1140
2203
484
578
577
1016
2047
578
937
562
578
1313
547
531
547
563
656
1922
563
625
578
1656
563
609
547
625
2031
563
516
578
578
625
1766
579
577
548
578
2047
656
531
563
562
1906
531
594
531
2297
578
593
548
1687
531
562
578
1906
594
562
578
1610
562
594
594
750
1281
860
610
562
2312
610
578
625
531
937
609
547
547
579
578
531
547
578
547
547
1328
562
1282
594
578
531
1672
609
594
1609
531
1579
547
1015
531
547
1609
594
578
625
953
1000
1328
516
563
641
1000
1937
594
625
954
1297
625
890
891
1359
969
546
547
594
953
563
594
625
578
969
3250
593
562
563
531
594
594
547
594
2469
578
578
595
1343
547
563
532
1312
1313
547
531
594
1906
578
578
517
547
953
547
1110
626
594
578
625
579
562
641
968
906
969
593
1297
922
905
938
531
2454
625
999
1031
579
609
1000
593
1578
859
547
547
672
625
1265
1344
1047
593
859
1656
515
532
594
594
1641
625
578
516
2047
593
609
595
594
2360
548
594
562
547
1484
609
562
580
625
875
1078
938
562
969
1328
546
594
734
968
953
1079
938
609
968
578
860
1266
1031
1017
1500
515
516
515
610
1859
547
609
547
1874
578
578
547
1000
578
578
610
1703
531
640
594
2453
578
532
656
2937
610
594
594
578
594
1407
625
625
1812
563
641
609
593
625
625
578
1906
610
547
594
1047
921
578
609
2281
531
593
593
594
484
562
1250
562
594
750
937
578
562
547
1734
609
594
578
1875
593
532
531
735
921
564
546
578
532
531
1937
563
532
562
531
562
562
562
2188
594
719
1719
594
547
578
2594
609
562
593
2313
579
547
546
563
593
2094
765
593
579
578
594
1250
2032
594
546
593
610
610
593
610
579
594
530
3048
531
531
547
578
532
1470
2078
656
609
562
531
1297
1734
548
609
531
594
2984
563
562
562
562
1344
1671
610
594
1313
1812
594
562
593
578
563
547
1375
610
563
578
562
891
547
548
594
593
2281
563
547
1890
500
610
515
579
2282
531
563
562
609
626
594
1703
594
610
547
2343
594
625
562
547
1484
578
578
687
1641
562
563
530
625
515
1812
516
609
516
562
578
1031
578
578
547
594
1687
610
579
1875
610
610
594
2016
578
532
781
2141
609
531
578
563
1813
593
578
516
921
2094
610
594
531
594
578
1281
1360
625
610
594
500
609
1062
594
562
609
735
1375
578
547
577
563
1969
578
968
1953
578
562
610
1563
594
546
546
2109
594
578
515
1766
1280
594
578
578
594
1984
1703
547
625
547
563
1266
3000
609
578
547
578
594
531
610
2140
1422
594
563
593
547
578
515
579
2203
562
593
922
2688
563
625
594
609
2016
578
578
610
610
609
1406
609
547
547
578
547
2703
609
609
656
516
563
3032
1313
563
594
562
563
563
594
1953
562
610
531
546
609
562
610
594
1641
906
579
593
2125
562
922
578
531
3188
625
547
546
610
1687
1781
563
546
547
578
609
609
2016
577
547
578
579
593
562
609
547
1937
1578
532
578
594
547
2438
625
563
562
578
2312
578
484
516
626
1000
1859
609
563
594
1702
562
578
625
3172
609
562
594
578
2218
1750
562
656
594
547
2078
546
640
547
531
1469
594
609
578
594
1328
1312
547
578
515
531
734
2954
609
530
548
609
2109
703
562
641
609
594
532
563
563
1282
547
563
610
563
562
2093
1016
594
593
547
546
2859
594
546
594
578
1984
578
609
579
593
2906
2063
594
579
593
561
2797
1062
547
625
578
2376
2469
516
516
531
547
579
578
1000
2687
578
563
578
562
640
2531
1250
610
516
531
594
578
640
4063
655
609
531
640
578
594
501
2359
3031
1406
578
563
516
531
578
595
1032
2485
2828
625
593
532
547
562
1390
2860
906
578
578
547
562
547
2406
2797
672
625
563
594
547
2110
1563
1453
562
594
562
548
656
1266
2860
2874
594
547
610
610
1313
3453
2046
547
515
515
594
594
578
578
1890
2203
625
563
593
563
594
2141
2469
1078
531
547
499
594
641
578
2468
1344
548
563
547
546
563
1234
3125
578
563
547
609
578
594
3390
578
594
578
578
625
531
969
3063
922
547
563
531
515
563
578
1735
2218
2094
515
547
641
563
594
547
2031
2813
1562
562
593
578
579
500
547
563
4328
1406
610
547
531
562
532
500
1703
2531
1031
610
546
562
3172
798
516
594
547
593
1500
2859
2484
578
609
594
579
578
594
578
2718
1875
1813
594
547
531
515
672
2921
1000
594
531
609
547
578
3390
1876
578
547
579
531
546
562
2610
2594
609
578
594
640
562
1906
1797
1219
594
516
563
640
547
1672
3672
593
547
562
578
563
2391
3125
547
609
594
563
562
594
1749
2968
501
594
562
562
531
1000
2125
1187
594
515
610
547
1829
2125
953
530
547
594
594
1594
2078
609
578
562
516
547
578
547
2765
1875
1031
578
609
531
516
578
594
547
1641
3875
625
516
546
515
547
578
579
1906
2750
1578
609
562
563
593
562
578
578
578
1719
3484
578
594
579
562
485
593
563
531
1985
2281
1672
579
562
516
500
547
531
2094
2203
2219
530
531
594
594
562
625
609
3703
1687
531
515
547
531
578
547
594
2625
3719
532
594
563
609
563
593
562
563
640
1750
2078
1781
594
531
609
547
891
531
579
3844
1609
594
515
578
499
594
548
547
563
578
2032
2875
937
532
594
563
594
579
562
578
563
2813
1656
656
531
578
625
563
562
2797
1797
609
562
687
578
578
610
3124
953
578
547
562
594
593
2000
1796
578
907
610
547
578
3063
1797
609
530
625
594
562
1204
2703
625
594
562
610
531
3282
1265
594
562
578
546
594
1016
3422
625
625
578
547
578
3172
765
609
594
563
515
531
531
578
2516
3531
532
593
578
610
547
890
609
578
1406
1281
2250
1031
578
578
593
547
485
531
2329
3078
2719
579
562
532
515
531
594
547
547
563
1000
3828
1641
578
578
610
610
562
547
594
2874
2655
672
688
595
578
578
688
3141
2360
563
578
594
563
562
1938
2656
1939
578
625
547
547
578
609
2125
4063
578
579
548
719
579
593
547
2797
3437
594
594
594
594
562
594
546
547
594
579
1062
1203
3109
625
547
562
579
593
578
548
594
2532
3141
1390
578
516
905
547
531
532
594
578
2250
1859
2734
563
501
610
609
516
594
594
594
547
594
610
3343
3125
546
547
578
624
610
578
594
578
593
547
595
547
609
594
3265
2829
844
547
610
595
593
547
594
547
547
609
563
562
1422
1859
4250
563
546
594
563
562
548
547
547
594
531
547
547
515
563
2125
3859
1937
610
547
547
547
625
594
578
595
594
610
546
672
609
1734
3844
1312
610
625
640
641
641
578
578
640
609
579
578
1015
1734
3235
2094
656
594
547
579
530
516
547
518
610
625
953
594
593
1281
2969
2797
579
610
625
577
594
578
563
563
578
531
562
907
2812
2532
1328
516
562
532
563
500
625
593
625
610
655
579
609
2844
3125
563
625
577
532
594
578
579
625
593
562
593
579
578
4297
1891
953
578
609
547
578
531
578
562
547
578
546
609
594
594
1939
2703
984
577
609
610
593
641
531
530
594
577
593
593
579
579
515
610
579
562
563
1250
2453
1969
1766
578
578
563
531
594
562
594
562
594
610
610
547
532
594
609
593
562
516
578
547
578
672
4766
1610
609
547
547
890
532
625
593
594
563
594
593
578
531
594
547
562
547
625
594
530
610
1234
2438
2750
563
562
563
579
547
594
547
578
547
593
578
594
594
594
578
578
594
578
531
562
2797
641
547
578
562
563
610
594
562
595
593
610
594
500
593
562
578
626
593
594
578
578
625
547
625
594
578
594
547
515
594
906
577
593
594
578
609
562
812
563
609
578
563
563
578
593
578
563
562
625
593
564
562
593
594
609
609
547
640
624
547
532
641
609
641
609
594
641
625
594
625
609
578
578
610
625
626
562
625
563
562
594
562
578
578
609
563
610
625
625
610
640
547
593
578
578
578
578
594
578
593
594
610
594
610
609
610
515
610
562
531
891
562
578
593
593
562
641
610
594
547
609
562
579
484
594
562
562
594
609
610
609
532
563
625
578
813
609
562
594
641
625
625
578
625
578
656
609
562
609
547
640
625
640
594
672
547
625
609
579
578
594
609
609
641
625
610
625
656
562
625
656
594
594
578
656
547
594
562
626
610
625
609
578
609
563
562
578
546
578
562
610
969
548
610
609
828
531
640
578
579
577
578
563
625
548
578
640
625
562
594
562
563
547
563
547
610
609
564
641
640
547
578
562
578
609
563
578
594
656
595
563
593
641
625
625
500
531
610
578
594
578
609
656
625
594
625
593
655
641
625
563
594
625
578
594
546
625
640
578
610
578
609
563
610
593
547
610
609
578
625
922
484
547
578
546
625
547
656
563
610
515
532
656
578
563
625
609
610
672
609
625
594
640
579
562
625
625
563
625
610
610
593
579
609
593
610
625
562
594
625
578
641
641
641
562
609
578
610
578
625
625
625
547
562
578
548
594
610
782
625
563
625
577
516
531
594
640
609
625
594
625
609
641
657
625
625
625
609
610
593
594
985
625
609
578
625
563
641
610
609
594
593
641
608
609
562
578
562
609
609
594
579
594
609
641
625
594
609
609
547
609
593
531
594
593
594
531
547
579
578
610
594
547
578
562
563
610
609
609
594
562
625
593
594
641
593
578
594
563
578
594
594
578
594
610
546
515
594
609
688
609
610
625
593
577
625
626
624
579
625
547
516
640
594
609
578
702
578
641
640
562
625
626
625
578
640
594
515
562
625
593
578
626
578
626
625
593
578
625
563
563
593
625
563
547
625
719
625
610
656
640
641
593
547
547
609
594
578
657
593
578
641
624
578
625
563
547
578
547
547
625
516
610
594
578
562
594
625
562
609
531
579
625
610
530
609
609
531
625
594
578
610
531
531
562
891
609
641
594
687
563
641
625
594
562
500
563
547
577
532
578
579
625
578
609
609
578
625
625
609
609
609
593
517
625
609
563
594
593
595
625
609
578
656
625
688
594
593
547
609
563
578
578
578
579
547
625
640
593
641
656
578
579
640
563
563
562
578
609
548
563
609
594
578
594
563
579
609
625
562
562
594
593
562
578
594
641
593
531
642
562
563
578
546
937
562
531
546
594
609
578
578
547
609
563
625
625
656
547
625
578
578
594
593
625
562
610
578
625
563
625
484
656
594
563
609
578
610
609
625
625
547
594
610
593
515
515
564
562
516
640
656
641
578
641
578
609
625
578
547
562
578
687
563
578
609
609
578
625
610
625
610
656
547
578
532
562
609
547
594
579
499
578
531
657
593
594
609
641
640
625
594
594
656
609
563
562
578
547
594
625
625
641
624
641
579
609
500
641
578
563
562
547
609
531
609
625
562
641
593
625
532
547
531
625
578
562
625
625
641
578
578
594
609
531
517
593
625
641
547
578
500
609
657
531
563
546
594
578
640
610
593
703
594
531
577
579
594
562
532
578
595
578
594
641
593
594
578
609
562
625
969
593
531
579
547
578
641
578
578
625
640
609
547
578
625
548
625
578
531
625
609
547
531
625
578
578
625
562
547
609
562
609
609
548
531
594
594
625
578
531
594
609
563
578
562
594
578
578
532
609
547
562
547
594
594
578
532
578
594
625
625
641
593
577
625
579
531
484
578
547
594
563
562
609
531
625
562
625
594
641
609
906
609
640
594
625
625
641
609
577
641
593
548
672
626
562
626
593
656
579
656
625
624
641
641
593
640
609
594
593
593
594
626
593
579
578
500
625
609
579
609
625
578
625
578
641
640
625
657
593
609
563
562
625
562
594
593
626
609
640
562
548
562
547
563
563
594
563
562
609
609
594
609
563
594
578
657
609
548
609
609
563
609
578
531
578
906
594
594
485
547
531
578
594
563
563
578
578
531
562
564
547
579
609
609
532
594
610
640
609
610
577
641
609
563
641
594
641
578
531
594
594
593
563
562
594
672
609
593
625
578
562
657
563
625
624
579
609
609
609
625
672
578
578
578
625
578
594
625
563
563
594
641
562
672
610
578
625
609
548
563
593
578
578
547
563
547
594
641
594
625
625
609
563
579
968
625
625
625
609
563
562
578
562
547
578
640
547
578
578
579
578
625
609
610
593
562
625
563
610
609
548
578
547
578
562
532
609
609
578
578
578
547
610
718
640
656
578
562
625
578
562
578
580
594
578
579
562
594
609
625
626
563
625
594
625
624
625
578
594
594
594
547
562
562
515
546
547
625
625
595
656
547
593
547
641
594
614
797
625
578
531
547
562
578
546
563
547
594
609
563
609
515
593
625
562
625
609
547
500
610
562
594
579
625
563
594
578
593
579
610
594
532
578
625
563
625
641
578
531
547
594
609
547
562
578
578
531
594
578
547
562
563
563
578
625
563
594
625
640
594
672
562
578
578
563
531
547
578
562
656
577
656
578
563
593
641
609
578
906
625
641
625
579
609
625
579
530
657
578
593
579
533
609
641
688
656
578
625
594
546
594
547
594
563
485
609
578
609
547
610
547
532
563
624
593
579
547
625
530
548
640
641
625
640
594
688
640
578
547
547
640
563
609
594
593
609
595
609
562
563
578
579
609
594
594
579
609
609
516
641
625
594
594
594
577
531
516
594
562
547
563
562
593
938
578
547
593
625
610
546
594
578
594
672
578
688
609
594
562
594
531
532
546
578
563
640
609
578
609
625
625
609
547
625
594
563
562
610
640
625
594
656
594
625
609
610
625
563
593
578
593
595
547
578
562
500
609
547
609
625
578
563
640
610
579
656
515
562
562
610
594
610
578
609
610
578
594
578
594
563
594
578
922
609
609
564
594
578
593
609
641
625
609
594
594
578
579
578
625
547
594
562
610
626
625
531
594
609
610
625
579
578
610
609
578
625
656
594
594
656
563
609
609
609
579
688
577
610
578
562
829
562
594
594
563
594
578
547
578
562
593
610
640
562
609
593
578
532
562
640
610
594
563
578
624
579
547
625
625
547
548
687
625
625
625
578
579
579
609
562
609
610
641
563
563
609
562
547
625
579
532
594
609
594
578
579
531
593
610
547
485
578
594
610
625
578
657
625
577
610
609
641
532
625
593
579
594
610
625
546
547
547
578
609
531
626
470
547
625
609
562
531
625
579
594
594
547
578
656
609
594
594
515
547
594
594
578
656
531
672
609
609
641
593
609
578
562
594
953
594
594
625
640
641
562
641
593
563
562
610
593
531
610
610
546
577
579
625
625
609
594
641
578
609
563
546
609
625
578
594
500
547
594
656
656
610
593
547
563
562
563
610
563
594
641
562
610
625
640
625
594
640
610
578
594
594
594
593
594
578
563
625
594
594
593
516
593
563
657
594
609
563
562
594
547
531
625
844
562
531
625
594
609
609
609
578
547
641
922
656
563
593
641
546
594
578
578
609
610
594
625
594
625
547
609
594
625
609
656
656
624
625
609
609
515
578
563
593
578
594
594
562
609
625
562
610
640
641
562
625
562
656
593
578
547
562
594
562
532
547
594
578
594
547
578
531
641
578
594
578
610
609
594
562
548
609
610
609
547
578
609
593
530
547
578
578
594
515
610
625
688
578
609
594
547
609
562
562
703
563
531
610
578
609
609
594
609
578
563
547
594
578
562
625
578
578
657
594
578
562
625
609
563
593
547
656
563
609
563
594
578
593
547
578
609
485
562
610
641
609
641
625
656
594
578
672
609
562
546
610
578
593
578
594
516
578
531
562
578
563
563
625
547
562
578
547
563
593
532
562
562
547
609
609
672
578
609
562
563
562
594
531
562
562
578
594
562
562
610
953
610
594
640
531
797
578
609
579
609
687
610
640
625
516
610
593
594
593
641
655
609
625
500
563
515
563
625
625
594
594
578
594
578
610
578
562
656
641
609
641
609
609
563
578
625
593
609
656
594
625
625
563
609
593
640
656
609
657
672
656
577
593
562
641
547
563
578
578
562
610
593
547
547
625
610
625
641
641
594
578
593
625
609
625
640
656
625
578
578
656
641
594
641
593
594
594
610
546
594
594
657
578
547
484
562
562
641
500
562
594
641
641
594
593
531
577
610
609
625
641
625
718
734
625
594
625
625
594
610
609
625
625
609
656
625
640
594
594
640
610
594
547
579
625
593
594
594
594
563
593
594
562
625
625
500
625
594
625
562
594
578
548
610
578
609
594
547
672
578
640
594
640
594
625
579
578
640
625
579
625
641
578
609
593
609
578
563
640
579
531
626
609
594
641
609
594
625
843
578
594
625
562
625
609
609
641
577
609
578
578
609
594
625
656
547
640
578
578
563
610
625
594
546
594
546
563
609
563
625
641
578
563
656
609
641
562
547
578
484
547
594
609
656
578
578
563
609
563
609
578
578
703
609
578
625
672
641
687
625
594
594
563
625
609
656
625
547
610
562
594
578
578
625
594
547
594
547
610
578
593
578
579
609
562
578
516
594
562
610
516
547
562
563
594
609
594
610
625
594
609
641
593
641
563
625
656
594
594
625
546
641
594
578
594
609
625
593
625
547
609
594
515
593
547
594
625
610
609
563
642
562
625
594
610
594
609
641
625
609
922
595
610
594
562
609
531
625
578
578
578
625
610
563
578
578
578
531
563
578
625
625
594
656
547
594
610
610
625
578
609
626
546
593
515
562
578
547
625
625
625
578
578
594
563
593
594
514
563
531
516
578
594
625
610
578
578
625
562
547
609
594
547
593
610
594
610
593
578
562
547
578
547
640
578
578
563
610
562
532
625
672
547
563
579
626
625
578
577
547
547
656
594
563
625
594
609
609
563
516
577
562
641
547
563
625
578
625
625
625
594
578
625
546
594
547
547
547
578
641
595
609
610
531
703
610
547
578
563
579
593
641
625
563
594
594
609
640
625
577
578
563
594
625
547
594
500
609
563
577
625
610
609
610
578
626
625
563
547
594
609
547
578
609
594
578
579
547
594
953
610
640
609
548
578
578
578
563
594
594
578
625
547
563
610
579
562
562
594
547
594
562
563
595
609
563
734
625
578
594
578
609
578
656
594
609
593
563
625
579
625
578
625
594
640
594
593
563
531
656
531
610
594
609
625
594
579
610
547
609
578
625
515
547
594
594
578
609
594
562
609
609
610
609
578
578
594
594
578
609
828
578
594
579
532
610
578
562
609
563
609
640
562
594
625
594
625
640
610
593
594
594
609
609
563
672
594
578
609
625
562
579
563
624
516
624
626
579
578
609
579
593
533
688
609
624
656
641
593
579
595
579
578
594
625
640
594
562
641
609
641
593
594
563
641
656
625
656
579
609
593
579
609
594
531
609
672
640
563
625
906
578
578
578
625
578
562
578
578
625
594
578
640
625
593
610
625
609
594
610
609
625
594
578
578
625
625
594
672
624
578
578
579
578
610
594
563
562
609
594
563
578
563
625
609
594
578
548
562
609
578
546
547
625
593
594
641
610
609
593
563
625
578
594
515
531
531
579
594
687
594
625
734
594
562
624
610
578
577
610
984
577
594
578
563
593
532
563
562
532
577
578
641
609
609
563
625
562
625
641
609
625
577
578
625
563
578
610
578
624
594
625
609
610
594
609
594
579
531
594
609
562
625
531
579
656
625
562
578
578
594
625
610
594
640
625
640
563
562
594
641
625
641
578
641
594
656
594
625
625
625
624
625
578
563
563
593
609
625
641
593
594
626
609
578
594
594
625
563
562
563
594
656
609
594
593
532
672
640
516
609
610
656
593
579
593
609
595
594
703
625
578
688
609
640
578
610
625
594
546
594
546
563
609
610
578
610
546
594
578
672
797
562
609
609
609
594
562
594
594
656
579
672
609
563
594
609
578
547
594
625
609
578
609
625
625
593
547
547
562
578
578
625
625
594
593
595
609
938
624
562
609
563
515
641
593
562
594
609
562
625
593
609
578
594
594
562
609
609
656
610
563
625
610
642
640
609
641
562
563
609
562
593
578
563
609
610
578
594
578
657
625
609
625
546
594
563
656
641
610
593
609
578
594
578
547
515
610
641
593
562
578
594
594
610
547
625
594
578
547
610
672
593
625
563
640
656
547
609
625
641
641
1016
657
656
594
641
547
625
562
578
625
625
578
672
625
594
641
578
578
609
563
609
578
562
610
625
656
547
516
609
625
609
594
609
562
578
578
593
563
594
562
563
547
594
609
641
610
563
578
625
609
593
595
594
610
593
563
656
593
625
563
578
609
625
641
625
593
656
640
594
579
641
593
781
656
578
563
593
593
563
609
563
969
546
641
609
578
672
610
641
594
609
578
609
640
594
641
624
594
640
610
672
625
594
562
625
578
563
610
610
594
594
578
594
546
610
594
624
625
577
656
609
609
609
577
579
515
625
562
656
593
579
594
547
610
547
625
609
625
640
640
579
625
578
625
641
609
547
594
611
547
594
625
610
594
641
626
578
578
641
609
625
546
641
703
985
656
672
797
625
594
625
579
625
641
641
640
578
593
594
609
562
641
625
547
610
609
671
641
625
625
594
625
640
656
594
625
594
640
625
625
625
562
609
609
594
640
594
625
641
641
656
625
656
625
578
625
656
562
578
593
688
594
547
594
625
610
609
625
594
609
579
547
610
609
625
562
594
562
578
641
609
578
937
641
578
656
672
594
656
610
625
594
594
577
594
625
578
563
640
548
562
578
609
594
640
610
609
547
594
578
656
562
562
594
625
610
625
625
641
594
609
547
531
563
546
641
578
578
657
531
625
594
688
625
656
578
594
640
562
547
562
609
593
562
625
578
562
578
578
547
578
625
610
641
562
656
672
672
625
594
609
578
610
593
625
672
531
640
1000
594
594
656
595
625
625
593
610
579
563
578
625
593
578
562
579
594
609
578
548
594
593
672
625
610
610
672
625
609
609
531
547
625
610
531
610
578
578
609
609
625
579
640
578
594
609
625
547
578
579
577
593
625
609
640
625
641
563
578
578
578
641
563
531
594
594
563
593
547
563
531
547
563
563
687
593
578
594
609
578
594
640
563
562
641
859
562
640
532
594
547
531
547
563
562
547
610
562
625
625
609
641
594
594
609
641
625
641
562
594
641
562
594
547
625
625
593
531
578
609
625
594
640
610
594
564
625
860
610
578
578
610
609
594
609
593
578
609
625
625
578
594
579
578
610
641
578
563
609
609
610
531
579
594
657
516
672
578
547
625
547
625
515
516
609
625
609
937
610
595
578
532
546
532
609
610
562
609
610
610
641
609
641
578
578
641
641
562
562
609
531
594
562
547
625
563
609
578
609
640
594
640
578
547
594
563
610
594
562
578
640
625
594
578
563
562
594
547
610
578
578
609
594
578
625
594
563
609
593
594
594
578
562
609
578
625
641
562
593
531
609
563
609
577
579
578
609
593
891
500
595
593
594
625
594
562
579
625
610
531
594
625
625
625
594
625
578
515
609
562
594
609
625
610
563
609
641
610
594
593
641
579
609
688
547
578
641
593
610
625
547
593
609
547
641
578
625
641
594
593
640
562
609
640
563
578
594
594
609
578
625
625
563
563
625
577
657
547
625
578
672
578
625
625
609
610
578
531
593
594
609
594
593
657
609
641
609
593
703
610
625
609
563
593
548
562
609
516
577
579
562
578
562
625
578
563
625
641
625
625
547
641
656
546
594
656
594
562
626
563
563
594
594
563
656
594
578
656
578
484
593
594
609
609
547
577
624
578
579
640
641
593
594
609
578
594
562
594
594
562
625
594
562
531
562
593
578
531
578
610
594
610
563
594
577
547
579
594
609
579
750
562
609
594
890
594
595
656
595
578
625
562
594
594
578
516
578
625
625
640
625
610
625
516
593
594
610
546
563
656
563
641
672
578
563
578
547
577
500
609
579
594
578
641
641
533
515
610
624
578
609
640
578
594
562
625
625
594
563
609
546
625
624
656
624
625
594
611
563
641
609
594
640
594
609
547
546
610
609
547
640
657
609
609
578
672
610
938
640
594
657
672
563
578
577
782
609
563
626
625
609
610
593
578
609
625
594
672
609
656
610
609
578
548
547
672
657
625
641
594
640
625
609
578
593
625
578
641
594
609
610
656
579
610
609
594
562
532
609
547
609
578
610
610
578
641
641
641
609
579
562
594
609
579
595
547
562
515
656
578
531
593
548
641
609
532
610
578
922
594
640
625
625
687
610
609
688
656
516
610
594
687
625
531
609
610
578
641
625
641
625
593
656
641
594
578
609
609
626
609
625
640
625
578
625
641
625
625
594
610
594
593
563
625
625
642
624
594
563
625
656
610
562
609
594
547
609
578
594
626
625
625
640
594
625
657
593
594
547
609
641
656
578
609
610
641
938
563
609
562
610
563
610
563
626
609
625
562
656
579
609
656
609
577
562
594
610
610
594
579
547
547
562
625
625
625
610
625
578
594
594
594
609
578
656
547
610
578
562
657
578
593
610
625
640
625
547
641
625
578
578
625
562
593
609
578
594
609
594
609
594
578
625
594
641
578
640
610
578
562
594
625
593
625
625
609
593
610
594
921
625
625
610
625
516
625
531
562
593
625
578
578
563
515
594
625
609
594
625
609
625
593
609
593
625
579
562
594
609
578
641
593
610
610
625
563
578
609
562
625
546
547
640
594
594
594
625
563
578
641
578
656
578
578
625
626
579
610
531
577
578
656
625
610
656
641
626
594
593
578
641
625
625
641
593
562
578
594
563
640
860
547
657
610
563
593
641
578
610
594
609
594
578
609
624
563
593
641
609
594
609
625
641
546
610
610
546
688
656
594
562
562
579
625
594
578
593
641
562
610
610
610
609
594
609
609
624
609
641
609
640
595
640
579
594
516
610
609
594
594
594
595
562
594
641
656
656
578
578
719
625
625
578
594
578
625
594
625
672
625
703
531
906
578
563
641
656
578
563
625
625
562
625
610
563
625
578
578
547
562
641
609
594
594
609
609
579
578
625
578
625
624
578
593
625
579
610
609
641
625
609
594
609
594
578
657
563
562
594
593
579
593
641
626
579
578
517
593
563
594
593
578
595
609
547
579
624
532
609
578
593
609
610
593
625
594
625
562
640
610
625
578
922
578
827
625
625
641
656
562
625
562
578
562
531
578
594
625
562
625
546
641
547
610
594
469
640
641
578
563
547
563
609
672
562
562
641
625
578
593
672
548
610
562
594
578
563
610
563
609
625
626
578
578
625
609
610
531
515
579
672
610
547
578
625
562
609
563
563
578
609
594
578
579
593
672
626
532
562
609
547
594
578
640
594
656
578
548
609
562
937
594
578
594
609
610
625
594
656
578
625
641
625
593
562
562
610
640
625
578
641
672
563
624
609
610
562
610
625
594
610
578
578
609
531
640
610
610
594
640
610
593
688
532
641
625
640
578
594
640
548
656
641
578
563
657
640
595
625
516
593
609
593
562
625
593
641
578
516
547
610
593
563
641
577
625
563
594
609
547
594
640
578
625
641
640
578
625
564
579
984
594
594
593
609
624
625
609
625
563
578
578
610
579
625
625
625
812
578
531
625
610
593
594
594
578
593
610
624
594
625
640
609
594
594
641
625
594
562
609
579
532
593
547
562
517
625
531
579
531
577
641
578
578
610
532
531
547
594
593
563
594
625
593
610
578
657
578
594
578
610
625
625
547
593
562
625
609
531
578
579
546
610
547
547
546
593
594
625
641
562
609
625
563
578
531
578
594
563
562
578
610
609
578
562
579
563
625
609
641
578
546
625
578
532
641
609
578
578
578
562
595
593
563
563
609
610
563
594
640
610
609
578
531
655
609
578
625
594
672
578
593
609
562
578
547
625
578
594
609
578
625
578
609
547
578
609
609
564
625
641
578
563
593
578
594
578
594
594
609
593
625
594
782
580
593
579
609
562
578
609
578
625
625
593
594
640
625
640
531
547
594
578
546
563
594
562
625
625
563
515
562
578
594
563
625
624
578
547
641
546
594
579
609
610
781
594
609
641
578
609
578
610
625
641
578
593
672
625
563
609
609
625
656
609
531
594
578
610
625
641
578
640
625
640
609
609
671
610
578
656
593
641
641
641
922
562
625
532
625
625
562
656
578
578
625
625
609
609
563
624
578
625
625
563
610
656
594
625
562
656
594
610
547
547
547
594
610
609
562
594
593
579
593
578
562
577
547
500
578
609
625
594
594
594
593
547
641
562
625
609
531
531
515
563
595
610
562
562
547
625
593
594
609
594
625
578
656
640
609
625
610
578
594
562
625
593
562
907
625
516
578
563
672
657
640
625
594
579
624
594
593
578
562
578
719
625
641
578
531
579
656
578
531
594
641
578
593
656
625
625
609
563
578
578
563
625
562
547
578
641
625
595
656
672
563
609
641
579
531
516
578
579
610
641
531
593
594
562
625
594
531
562
625
546
577
577
593
593
578
610
609
578
579
656
641
703
609
593
625
593
594
593
610
640
548
594
593
594
578
594
499
656
625
625
562
625
562
641
594
626
640
625
625
640
547
577
531
563
625
641
578
594
625
609
594
579
593
546
594
547
625
578
578
593
641
609
594
609
594
578
609
594
547
578
562
594
547
578
562
579
593
625
594
516
546
547
656
578
578
625
640
594
578
593
595
953
578
563
641
594
594
593
610
812
609
609
594
609
640
625
656
609
579
594
594
531
562
563
563
562
562
594
641
625
656
610
640
579
562
625
609
563
593
625
624
641
594
562
625
578
625
578
562
563
610
610
547
609
625
594
610
610
593
657
625
594
609
579
625
640
594
562
578
516
532
578
593
594
625
610
546
547
563
625
593
625
562
578
969
610
641
657
609
641
610
594
672
516
625
625
562
579
594
562
594
609
547
500
593
594
593
547
625
578
625
562
609
625
578
625
564
577
625
594
625
609
609
641
640
625
594
531
531
547
594
593
609
531
562
532
641
577
578
546
642
625
578
563
547
562
578
579
625
563
562
610
547
563
547
515
641
610
531
641
578
641
922
532
578
609
625
609
562
578
609
564
609
578
531
515
594
515
563
610
562
562
563
595
593
563
594
515
563
625
563
563
594
578
546
563
594
562
547
532
547
578
609
578
562
766
579
578
579
579
561
547
594
577
595
547
562
562
609
563
562
641
609
594
610
485
578
594
610
609
579
610
562
563
578
579
546
594
594
578
546
594
531
609
562
610
578
891
609
578
594
594
625
609
609
578
641
562
578
625
516
547
594
562
594
578
579
531
563
593
547
579
625
594
593
547
515
485
625
625
515
563
547
546
578
595
547
562
594
578
484
593
579
593
532
578
547
578
610
609
563
640
625
547
594
609
563
625
578
593
578
516
547
562
594
563
531
515
594
641
594
547
531
610
593
625
625
579
562
641
625
562
875
640
641
656
578
547
578
563
515
563
532
562
641
625
625
562
594
562
579
562
594
562
594
594
562
547
577
578
500
562
610
577
579
609
578
594
547
578
609
578
578
547
562
579
578
593
562
610
578
594
594
609
609
595
593
563
610
531
610
609
609
563
610
562
515
578
594
609
547
578
578
563
594
531
625
657
859
609
594
595
562
563
609
562
516
578
609
672
547
546
564
578
593
609
641
594
562
563
562
594
547
562
563
562
579
563
609
625
609
546
547
563
656
593
642
640
563
578
625
594
609
594
594
578
578
578
562
672
625
594
546
563
625
547
610
656
625
531
578
610
609
562
594
563
593
579
625
578
625
562
516
610
609
594
625
687
641
516
578
594
594
547
562
578
609
610
546
563
562
578
563
594
625
500
578
640
594
813
609
641
626
578
593
563
562
563
625
594
640
656
657
656
594
578
562
625
579
531
562
594
610
562
578
657
609
625
594
579
578
641
656
625
578
609
594
625
594
641
593
594
625
594
609
641
609
641
625
609
609
594
609
594
625
625
609
609
579
594
594
562
656
547
625
594
640
563
641
594
532
578
609
516
593
548
562
859
579
562
594
578
609
625
578
625
657
578
640
548
593
562
594
547
578
594
656
625
579
531
562
594
531
578
610
546
579
593
547
625
625
625
641
547
547
546
578
578
594
594
593
594
594
609
625
578
563
594
577
625
594
563
548
562
578
563
594
625
578
593
594
562
563
547
516
578
578
594
609
531
640
641
594
578
657
563
625
625
734
610
562
594
578
610
547
625
547
594
593
516
547
609
594
640
625
594
641
625
578
609
641
640
625
594
578
609
578
563
640
563
593
578
609
625
531
562
672
532
562
562
547
531
578
530
578
641
594
609
625
609
594
609
546
641
562
578
578
532
563
593
563
578
562
594
610
593
610
593
578
531
578
500
672
578
594
641
593
563
594
594
641
937
609
672
656
609
610
593
547
641
515
547
593
594
562
562
594
656
610
609
672
593
578
625
610
609
641
625
609
563
546
562
609
562
594
578
625
610
546
641
641
640
579
593
579
578
641
562
595
656
594
640
625
579
546
594
641
578
797
578
531
579
546
563
594
499
609
625
578
610
687
578
546
594
656
610
578
642
562
578
625
953
641
593
610
563
625
562
609
594
515
610
624
594
640
610
656
594
609
593
625
578
532
625
578
563
625
547
656
563
577
625
563
563
609
610
672
640
578
625
641
594
609
563
641
625
625
640
579
625
578
672
625
609
625
625
500
609
593
594
593
610
610
593
610
578
609
563
594
625
593
548
594
578
625
625
813
578
609
625
579
593
891
593
532
577
532
593
594
563
656
594
578
657
578
594
594
578
656
625
610
532
625
640
563
578
625
625
609
578
609
563
579
593
625
625
688
593
625
641
594
578
578
563
610
594
625
625
609
578
594
609
625
563
609
609
563
609
563
609
578
625
625
625
594
593
578
609
609
641
579
578
625
625
641
640
610
593
625
563
594
641
984
578
656
595
594
640
656
579
609
594
656
547
828
593
609
516
626
593
594
563
656
641
579
625
656
641
593
578
594
578
625
562
593
625
579
609
562
625
640
595
577
641
594
609
594
672
625
625
578
625
625
594
578
594
578
609
625
594
656
625
609
641
641
624
578
578
516
578
609
594
578
625
562
672
578
594
609
625
578
703
626
578
593
610
625
530
562
578
626
625
609
594
609
641
547
593
625
578
625
578
531
531
610
578
514
562
594
609
610
578
625
797
547
593
563
578
547
562
609
579
500
547
594
609
578
578
579
562
594
594
593
594
609
594
609
609
578
625
547
563
578
624
594
563
562
563
578
594
562
609
625
594
625
547
562
547
625
563
593
578
563
516
609
562
594
531
609
657
594
641
657
640
625
547
531
547
562
532
531
547
593
579
656
562
579
609
594
594
625
547
593
609
516
593
578
656
593
563
562
579
594
531
610
625
625
562
625
563
640
563
625
500
610
593
547
562
578
578
610
578
562
563
578
594
609
578
609
610
579
594
625
578
609
594
594
594
578
625
609
609
578
641
625
532
593
625
594
625
563
562
578
953
578
610
594
641
562
610
656
625
624
625
578
625
641
547
609
626
625
625
625
609
579
593
516
609
594
594
578
594
609
672
593
594
625
531
610
563
563
640
641
625
625
625
687
547
563
563
546
578
594
609
625
594
641
610
609
625
625
578
562
563
719
562
563
547
593
563
562
579
514
625
594
609
625
578
688
640
593
625
594
641
578
937
609
594
640
609
610
578
594
593
688
609
625
563
594
609
562
609
548
562
532
578
563
609
563
593
609
609
594
595
578
640
594
578
594
624
609
688
609
641
625
578
609
610
563
625
625
656
609
594
562
610
625
578
593
625
625
547
516
562
609
656
578
547
609
594
563
594
563
547
593
610
578
609
672
578
641
547
516
625
609
531
563
532
563
625
562
891
547
609
641
531
625
593
594
641
625
578
499
500
578
563
593
610
609
609
500
579
578
609
609
641
609
641
547
594
609
625
656
610
578
656
594
578
625
625
656
579
625
593
577
610
609
625
609
641
687
610
562
594
609
625
609
594
625
609
594
641
578
625
546
657
593
578
625
610
640
625
579
531
594
609
563
563
546
563
609
906
562
610
578
563
609
563
609
578
547
578
595
641
578
609
547
578
609
625
594
578
500
594
594
594
593
594
563
625
562
578
609
625
594
563
578
609
610
640
641
563
593
610
687
641
609
641
593
610
609
625
593
547
641
562
594
594
577
610
625
657
609
609
610
625
625
625
547
546
563
578
484
609
564
577
578
578
594
593
625
610
593
594
594
562
579
546
595
578
579
953
609
548
625
656
594
625
609
671
610
593
641
609
625
578
563
515
594
594
656
578
594
578
594
562
516
578
594
531
610
640
610
562
625
563
578
625
578
640
625
625
673
579
547
562
531
578
610
609
562
578
577
625
625
579
640
641
547
578
578
640
563
624
532
625
594
625
625
531
579
609
609
594
562
608
531
625
594
625
594
625
547
938
579
625
625
594
610
625
609
641
609
594
625
625
656
594
625
593
625
578
578
609
641
640
625
594
578
594
656
609
578
578
563
578
578
625
562
562
625
610
625
640
579
609
578
531
563
594
546
610
609
641
578
641
609
610
578
625
546
594
578
516
625
578
625
563
501
656
594
577
563
640
625
625
625
594
578
563
594
562
594
609
610
609
546
579
593
610
625
625
609
594
593
657
640
516
578
609
610
531
594
515
578
578
610
578
609
578
610
625
625
625
624
641
641
546
610
609
547
578
578
547
610
578
563
578
671
579
563
609
656
594
======================================
Avg Time: 748.5622189992748
