7
12
9
7
10
9
7
7
8
8
8
8
8
7
8
11
8
10
7
8
11
6
8
8
8
6
11
7
8
7
8
9
7
8
7
8
9
7
7
7
6
7
8
8
8
12
7
8
8
6
7
9
8
7
9
8
8
11
7
7
8
7
6
6
7
7
7
7
7
8
9
6
7
8
8
7
6
7
7
8
7
6
8
9
7
7
8
8
8
7
8
7
7
9
7
7
9
7
7
7
8
8
6
7
8
7
8
7
7
7
9
6
8
8
8
6
7
7
8
9
8
9
12
6
6
7
7
6
7
8
7
7
9
7
7
7
7
7
8
8
6
6
7
7
8
9
7
8
8
8
19
7
7
9
8
9
9
6
7
7
7
8
8
7
8
9
7
7
8
9
7
8
7
7
9
8
7
6
6
8
7
8
7
7
5
7
8
9
9
7
8
8
8
8
7
7
7
7
8
8
311
8
6
7
8
8
8
6
8
7
7
6
7
8
7
8
7
7
7
7
8
10
12
7
7
7
8
7
7
7
10
6
8
7
7
6
8
7
7
6
8
7
8
8
10
6
7
8
7
9
8
11
9
8
7
8
7
7
6
9
8
6
7
7
8
7
7
7
8
8
7
6
7
7
6
7
9
7
7
8
7
12
7
8
8
7
7
6
11
8
8
7
6
7
6
9
8
8
7
7
7
6
7
6
8
7
9
11
7
6
8
7
7
7
8
8
8
8
6
8
8
8
6
9
7
10
9
9
7
10
7
9
7
9
6
8
7
37
9
7
7
7
6
7
7
8
7
8
8
7
8
7
6
7
8
6
8
8
8
8
9
9
9
7
7
7
7
8
9
6
7
9
8
7
7
7
7
11
7
7
7
7
8
8
8
7
12
7
8
======================================
Avg Time: 8.539845758354756
