26
29
23
21
33
25
29
33
36
18
65
18
24
32
28
36
28
35
46
20
14
32
24
25
35
26
27
10
32
18
34
20
26
29
25
37
21
23
17
31
15
13
18
28
24
22
22
11
38
12
14
21
31
19
50
31
21
23
21
28
35
31
27
18
26
22
27
9
33
19
17
31
28
43
36
37
23
22
23
15
42
30
23
26
10
14
33
22
27
18
16
35
31
18
22
27
18
18
40
24
23
20
29
18
8
28
31
28
5
21
12
22
20
30
37
34
33
33
33
34
25
14
24
25
24
33
42
38
25
46
29
29
36
25
20
26
21
31
9
37
25
21
21
21
26
15
34
31
41
17
24
27
30
29
21
15
21
26
21
25
25
17
19
34
29
34
27
26
28
16
27
39
12
28
21
28
29
20
21
26
23
23
27
17
16
31
17
25
21
23
8
29
12
20
17
24
28
27
33
36
21
32
15
35
27
20
16
14
25
30
40
31
32
39
49
33
18
29
35
29
32
21
31
30
37
28
38
15
39
21
31
23
43
22
37
27
16
17
35
19
26
17
31
25
29
22
30
25
39
37
26
19
23
30
23
15
29
32
32
15
23
30
34
25
21
24
26
23
15
32
30
43
32
22
27
17
30
28
30
35
29
30
14
27
32
35
23
20
23
36
26
17
12
22
29
53
17
26
28
20
24
27
30
14
16
38
25
37
27
32
23
32
30
25
35
35
17
29
34
28
14
8
28
26
18
10
41
30
24
28
23
32
35
28
20
30
32
50
57
34
36
45
15
28
25
35
14
30
19
30
26
18
24
11
29
26
21
31
12
45
35
33
21
24
22
16
43
42
18
19
35
28
19
30
17
7
12
31
35
31
30
35
28
27
32
15
14
37
19
24
28
45
5
30
39
38
22
29
21
27
43
37
15
17
32
23
22
29
24
37
34
50
34
37
22
19
22
26
36
16
24
16
25
25
27
61
21
40
29
13
35
34
26
9
17
20
32
11
33
24
33
24
29
30
15
23
38
37
12
21
8
32
21
17
42
27
20
38
28
16
37
13
28
32
33
25
15
18
10
20
16
13
41
20
34
38
33
38
30
46
20
47
40
29
23
30
9
28
19
35
14
19
21
58
21
8
12
14
14
21
39
37
31
26
68
25
21
17
39
17
32
38
21
42
22
21
23
24
18
19
19
28
22
18
15
18
23
26
28
19
13
20
24
28
10
48
38
26
12
18
27
34
24
32
34
59
27
24
54
34
38
31
29
33
21
44
29
16
26
55
34
30
17
11
23
33
21
33
38
36
22
10
15
16
20
24
18
15
27
25
19
41
35
33
34
22
23
33
21
37
34
44
26
33
16
17
14
24
43
22
26
21
33
20
39
13
33
17
44
34
16
16
14
17
33
28
37
16
34
20
18
63
15
36
20
30
26
19
17
29
18
36
21
26
29
35
21
36
22
38
32
14
36
24
19
19
13
12
13
20
19
31
31
25
32
41
21
40
31
31
35
31
28
18
38
20
25
35
33
36
25
26
21
19
13
29
23
31
30
19
47
29
35
23
18
32
88
20
13
21
23
30
30
29
38
24
16
29
27
34
37
42
18
36
36
43
22
22
24
32
28
35
18
66
20
13
18
36
25
29
52
37
24
35
31
17
12
33
38
20
9
35
26
28
17
40
46
30
20
40
58
21
25
46
13
27
35
38
18
27
14
32
34
26
23
12
17
8
25
28
19
35
31
21
24
18
17
46
38
28
29
25
30
25
31
25
31
22
26
30
26
38
12
37
37
36
30
32
27
30
36
69
34
34
27
38
19
37
20
18
22
18
16
13
18
26
13
41
52
19
58
34
31
11
27
18
34
24
30
31
24
21
28
46
22
25
51
28
37
49
38
25
53
23
15
35
10
25
34
15
19
49
30
13
40
42
11
35
14
27
16
23
29
32
17
30
21
34
23
25
11
9
36
35
26
30
48
22
17
34
29
24
21
16
20
27
33
27
34
23
15
26
40
28
31
22
39
18
21
51
34
19
25
22
19
20
17
25
33
12
20
14
17
28
17
71
9
27
35
14
13
27
31
21
23
36
20
57
53
34
25
29
20
34
19
19
21
24
14
26
35
30
29
28
16
24
26
42
25
16
32
22
25
90
44
18
16
59
18
23
17
26
25
29
30
17
33
22
21
15
26
28
22
33
30
26
17
38
30
33
20
26
32
19
33
23
21
29
37
23
35
24
22
32
33
34
20
19
21
28
26
26
19
19
8
19
25
27
21
11
24
18
18
19
36
36
22
14
43
16
40
17
31
28
21
34
34
31
22
16
28
29
34
17
30
16
26
33
25
37
29
34
15
24
19
23
20
26
21
22
13
69
22
43
17
42
30
27
41
21
20
24
17
14
33
21
20
17
26
25
12
15
47
20
20
30
23
33
36
26
27
29
15
22
43
26
43
13
34
33
9
36
17
30
37
20
29
23
21
19
32
34
22
36
34
25
25
21
30
21
31
16
26
22
29
17
30
14
28
17
24
30
21
24
17
16
30
19
35
30
20
12
22
29
41
24
22
16
22
34
26
26
41
46
24
47
20
34
22
20
27
21
67
28
33
23
24
37
20
20
32
18
26
22
20
20
21
23
37
8
30
22
22
30
41
41
23
25
23
33
35
22
27
47
34
30
39
25
22
16
22
68
39
8
19
23
14
37
22
15
21
26
38
32
31
26
30
50
10
21
37
31
31
31
31
47
32
31
16
16
15
16
31
16
47
0
16
31
47
47
31
16
31
62
16
31
31
32
15
47
15
32
31
15
32
16
47
31
16
31
47
31
32
15
15
31
15
47
31
15
31
15
31
63
32
31
31
31
62
47
16
16
16
31
38
15
31
31
15
16
32
32
15
15
16
16
31
35
31
32
39
31
16
32
32
47
15
31
0
15
31
15
32
16
78
31
16
31
16
31
47
32
15
32
16
16
15
31
16
16
16
15
46
15
15
16
15
32
31
31
35
15
16
31
31
47
15
31
47
15
31
31
31
15
31
======================================
Avg Time: 25.12846441947566
