14
16
13
14
11
14
15
16
14
16
10
16
16
12
10
11
10
12
14
16
13
13
14
12
16
12
11
14
10
11
10
16
15
15
12
13
16
11
14
12
16
12
13
14
15
14
14
13
14
13
12
15
14
15
12
11
14
14
16
10
12
13
14
11
10
10
14
13
13
14
10
15
15
15
15
13
15
10
15
11
11
10
12
12
14
16
12
11
12
14
10
10
16
11
11
14
16
11
13
15
12
14
14
10
13
13
13
14
15
16
11
12
12
12
10
11
10
12
14
15
15
14
14
13
15
10
13
10
15
11
15
16
11
15
13
12
16
10
16
12
13
16
14
15
0
14
14
12
12
11
13
13
13
14
11
16
11
12
16
14
12
11
16
11
10
11
11
15
11
16
16
16
10
16
12
12
14
14
11
10
14
12
16
13
16
13
14
14
11
16
15
10
13
15
13
12
12
13
15
11
14
14
14
10
10
16
12
15
15
14
16
11
11
15
16
13
16
10
16
13
14
12
13
12
13
14
12
13
14
16
16
10
13
11
13
14
15
11
13
12
10
10
10
16
13
12
12
16
16
13
14
12
16
16
10
13
14
0
13
12
14
14
13
12
12
12
13
13
10
11
14
16
11
10
14
14
16
16
11
12
10
12
13
14
13
13
14
11
16
11
16
15
13
15
12
12
10
16
13
16
14
10
10
10
15
13
16
12
10
12
10
12
14
16
14
14
14
10
14
12
14
14
13
12
11
16
10
10
12
16
16
12
10
12
13
12
13
10
13
12
10
16
15
11
16
10
12
16
16
12
14
0
11
13
14
13
0
14
16
15
12
13
13
13
11
16
11
14
12
11
11
12
12
13
11
11
11
14
15
15
16
15
16
15
16
15
11
10
10
15
15
10
11
16
15
13
10
16
13
13
15
10
======================================
Avg Time: 12.942786069651742
