812
828
640
568
594
641
593
594
610
625
579
609
593
641
609
624
625
656
625
578
563
624
656
672
625
672
641
610
609
625
609
641
579
594
624
641
641
641
785
610
719
594
704
641
594
640
548
641
640
562
610
625
735
641
625
828
671
578
641
547
579
594
547
676
641
625
609
625
609
562
656
718
547
595
672
703
594
625
640
547
594
547
531
547
610
641
578
546
578
609
626
703
578
594
641
609
563
629
609
547
594
625
578
609
594
640
562
562
688
532
578
578
578
609
579
609
547
609
563
625
794
609
578
593
562
548
593
609
548
609
594
578
531
531
609
625
593
562
625
625
609
640
625
625
625
625
641
579
609
595
593
641
625
640
625
624
610
578
610
640
563
625
625
640
578
578
672
672
625
594
937
626
641
625
609
577
625
532
609
625
624
656
625
593
625
641
625
547
594
610
577
578
579
593
641
593
563
579
609
672
625
687
610
532
578
562
546
594
625
641
655
626
594
610
798
579
578
546
547
625
579
640
609
578
609
672
657
625
547
578
578
563
547
609
562
609
501
532
609
548
562
640
562
610
531
579
578
562
625
657
578
640
609
579
625
563
562
626
594
657
500
609
593
595
640
625
547
625
641
609
656
656
656
578
625
640
626
640
609
594
625
797
579
625
609
594
578
594
579
593
580
593
531
594
625
609
577
625
593
625
640
595
656
594
625
593
656
672
625
594
500
594
609
563
625
610
547
547
640
562
578
594
563
578
625
594
625
609
657
609
719
593
625
625
595
625
609
562
719
593
640
641
640
703
765
610
797
656
641
688
656
563
579
578
609
531
548
594
578
656
609
562
609
594
609
578
578
562
563
533
595
687
657
625
704
562
531
625
594
640
546
578
594
656
594
633
594
562
641
594
625
625
610
625
577
625
578
627
625
562
610
532
625
547
609
594
562
625
641
641
610
641
640
578
578
594
579
625
593
563
609
609
594
595
656
610
594
718
609
517
640
626
672
610
641
593
594
625
625
640
626
844
641
625
640
671
579
641
625
594
625
594
595
578
563
578
578
875
594
641
563
640
578
609
625
578
531
640
610
609
937
578
609
656
594
562
578
547
594
625
625
611
594
578
579
593
578
547
562
657
609
547
532
562
610
578
609
609
625
718
593
641
609
579
672
625
625
922
594
625
593
578
563
547
625
594
594
563
641
578
594
672
579
578
626
562
641
688
750
609
610
594
610
625
625
562
625
610
656
531
563
640
625
562
609
625
672
641
577
578
609
609
625
531
578
625
594
843
593
531
640
610
656
578
578
734
578
640
640
563
578
625
579
563
625
765
578
625
609
499
641
578
593
609
609
594
688
516
577
625
625
594
672
594
688
610
609
594
687
610
563
531
609
564
657
546
641
579
625
593
562
562
594
562
609
579
547
609
625
629
563
641
609
625
562
578
547
609
547
594
578
625
625
625
625
594
609
578
578
688
625
609
532
594
593
610
593
562
625
609
634
609
531
672
563
625
579
547
563
594
532
532
532
578
781
563
640
828
796
531
564
547
578
609
812
578
625
641
610
578
610
594
562
562
594
609
562
531
579
594
578
625
593
609
562
531
562
563
532
625
562
563
578
546
593
594
562
641
624
563
609
625
547
546
610
641
578
625
594
625
609
640
593
579
657
609
609
578
625
593
578
594
562
578
641
625
641
609
640
548
610
609
609
516
578
625
624
625
625
625
625
656
594
625
625
594
579
594
562
594
624
594
595
609
594
547
594
594
562
562
610
641
626
594
938
563
547
547
578
546
594
563
594
546
610
625
532
594
656
547
577
532
594
563
594
579
593
609
594
625
640
578
547
579
578
547
562
656
547
547
625
625
579
625
593
579
547
593
516
594
595
719
657
594
594
624
546
594
546
625
609
547
671
625
609
610
563
625
610
516
563
561
578
578
533
578
578
547
563
563
547
484
594
547
625
594
531
609
532
594
562
563
563
610
672
562
625
610
578
562
640
532
546
641
640
578
609
578
629
562
578
578
579
594
625
625
594
610
625
562
578
562
594
578
891
578
593
564
547
578
609
641
609
609
610
609
578
562
562
609
578
547
640
579
641
578
609
594
609
593
563
609
563
562
610
594
515
625
706
641
578
610
563
547
594
610
640
562
579
578
578
603
625
625
609
594
563
531
547
594
657
671
594
610
578
578
891
609
625
594
656
625
579
609
562
562
578
516
593
594
578
609
593
563
547
610
578
563
610
625
718
625
578
578
609
562
563
578
531
547
547
610
609
578
610
563
593
594
640
594
547
579
738
609
562
578
578
531
610
578
656
532
547
563
625
599
515
875
547
532
562
579
593
610
562
500
578
609
594
594
625
563
578
625
579
656
593
610
625
640
594
594
609
578
619
641
609
625
609
610
594
593
610
593
578
610
579
594
625
594
625
625
610
562
859
625
641
563
640
594
578
640
625
594
610
953
547
546
578
626
609
625
594
578
610
594
594
610
563
625
625
579
641
580
594
641
640
641
578
593
578
562
531
562
579
595
625
579
625
640
625
578
562
594
593
594
625
640
610
641
610
593
610
532
593
578
641
578
609
579
562
547
578
547
516
578
909
547
594
610
578
610
594
578
610
625
593
610
547
578
625
593
594
594
564
593
579
562
577
625
593
609
687
625
625
516
578
609
562
531
562
563
625
625
562
578
547
609
594
516
562
594
609
547
594
594
641
641
562
578
843
594
625
610
595
593
625
593
563
610
516
530
594
578
562
609
610
531
563
578
640
547
578
609
563
609
594
593
594
625
594
641
609
625
610
609
593
563
531
594
485
563
593
625
562
547
641
578
640
577
609
563
578
531
594
516
547
578
594
563
641
578
609
672
578
641
547
562
625
578
562
625
625
563
563
531
610
593
562
578
672
610
578
609
625
625
578
578
515
578
610
593
594
562
563
595
593
548
610
641
594
625
641
563
593
594
578
578
656
719
609
624
578
641
547
579
593
610
640
640
594
563
656
610
829
594
625
969
577
625
657
657
610
640
579
640
656
609
609
688
641
578
579
625
672
547
625
609
640
594
594
687
625
563
579
625
640
609
641
641
625
625
594
640
641
562
594
579
500
562
610
610
594
656
609
595
640
547
610
626
625
594
546
609
562
579
578
578
625
609
548
562
594
828
656
594
547
578
610
547
625
562
582
594
547
656
625
548
625
531
610
593
593
578
641
602
624
641
593
594
578
578
578
561
609
563
578
532
578
624
577
609
625
532
562
609
625
547
687
641
578
625
609
626
625
594
625
594
656
563
625
656
578
640
563
547
579
595
625
609
625
625
640
609
610
625
564
609
578
640
672
672
588
594
625
531
641
548
594
593
641
546
625
578
515
547
594
579
515
609
579
625
609
641
625
546
563
610
578
593
562
625
578
578
625
593
610
579
640
625
640
563
594
578
562
672
625
593
563
641
625
671
641
594
672
656
562
594
672
625
516
563
610
641
672
594
609
625
610
563
593
578
688
657
641
578
625
609
593
688
610
594
578
625
641
579
609
563
594
578
625
593
609
687
703
625
578
594
641
566
641
625
656
547
625
640
625
594
640
594
609
578
578
624
595
578
531
562
578
609
562
593
641
532
609
578
610
562
578
546
562
532
609
594
656
578
593
641
610
625
562
625
548
562
562
609
656
640
626
578
579
563
625
609
593
609
578
578
625
546
672
531
594
594
563
610
562
937
688
578
687
562
593
625
609
609
640
641
609
578
594
625
625
578
578
501
656
578
593
610
625
609
625
594
609
593
594
516
562
609
578
578
501
610
641
578
593
608
562
593
610
578
609
578
610
625
609
595
609
610
547
687
609
641
609
578
610
640
594
625
562
593
610
547
578
640
547
579
547
578
625
531
578
594
579
578
594
593
563
578
595
563
547
563
593
578
594
578
656
610
595
563
578
625
578
547
610
515
578
546
615
578
562
703
656
640
578
625
563
578
531
609
625
562
641
627
579
579
641
578
578
577
625
609
625
625
547
625
531
610
594
578
624
562
562
609
532
609
656
610
593
594
593
578
594
578
609
563
626
640
578
609
625
657
577
610
625
656
625
625
797
547
578
578
719
610
672
625
625
611
578
609
828
610
625
609
844
626
609
640
578
719
672
671
610
625
593
609
594
531
515
678
625
578
688
640
578
593
578
579
674
579
530
593
578
640
677
610
625
609
625
594
578
594
610
628
641
578
595
656
594
593
625
641
563
625
563
595
578
563
547
562
562
578
594
531
548
547
609
641
656
563
625
968
610
625
610
594
672
578
609
641
625
641
625
609
688
609
625
657
703
610
656
610
656
593
594
594
593
547
594
564
594
609
577
609
594
594
672
656
578
673
609
594
609
593
578
594
547
594
593
578
547
812
594
640
704
562
594
625
531
594
563
610
609
578
578
625
641
657
641
594
610
656
547
610
625
594
532
579
547
610
625
594
610
594
562
625
562
579
641
655
594
594
672
578
562
609
625
562
641
672
609
516
640
562
562
640
642
563
594
610
594
625
578
578
564
641
719
672
657
656
579
594
640
563
594
656
718
578
703
609
656
688
609
594
656
593
625
641
609
641
563
593
563
641
625
609
578
625
625
594
594
579
578
625
657
640
609
640
641
625
625
640
625
641
641
609
641
547
578
502
688
610
579
609
562
578
594
625
532
641
609
656
640
578
579
563
610
626
625
579
625
578
609
609
609
564
625
562
625
625
640
610
499
640
625
562
562
625
610
644
641
641
547
657
641
625
594
562
547
594
563
594
578
609
593
528
610
625
595
531
640
593
641
609
562
562
563
579
625
609
547
579
593
610
562
594
656
656
625
562
562
546
562
547
578
547
609
578
610
578
578
938
625
578
578
595
656
578
609
516
593
625
609
657
641
640
594
844
578
531
595
546
548
563
625
594
578
672
609
593
672
547
578
578
547
609
594
578
641
562
548
531
594
609
562
640
625
594
562
610
703
516
579
610
562
563
547
594
609
624
610
562
578
563
609
625
578
578
594
610
610
578
578
594
921
625
609
563
562
609
593
547
578
547
610
593
578
578
578
531
610
578
531
594
625
578
609
625
609
578
594
610
610
500
579
609
641
641
624
594
626
640
609
609
610
640
640
562
563
625
625
594
703
579
563
594
578
579
594
594
626
640
578
625
625
654
578
625
609
593
594
562
609
641
953
624
579
546
594
672
625
656
659
703
641
609
531
828
578
657
610
531
501
610
610
609
593
625
610
517
593
579
625
609
610
562
625
578
594
594
578
610
609
641
721
515
578
579
579
625
578
641
578
594
609
688
641
562
625
641
625
609
625
578
468
563
610
609
609
594
641
500
922
578
594
656
593
547
562
547
562
516
594
515
594
641
593
578
563
641
626
609
531
578
578
563
562
578
547
546
594
609
563
672
625
578
610
609
594
500
547
625
531
594
640
640
562
547
609
578
671
641
593
641
609
596
594
609
579
547
578
578
625
672
672
687
625
577
750
579
625
608
625
500
594
625
484
610
547
609
563
656
609
594
641
562
640
640
625
609
609
610
578
579
656
562
610
610
610
593
547
657
593
578
593
578
548
515
563
641
625
625
594
625
517
531
578
579
578
578
594
594
562
625
563
609
562
531
578
547
594
609
594
593
594
640
641
578
640
655
593
578
593
641
593
640
593
594
624
657
578
594
563
594
547
577
578
593
610
609
593
625
578
593
593
594
578
562
578
578
641
532
641
593
593
547
642
543
531
625
593
583
558
594
577
657
610
625
563
578
625
624
562
625
547
594
625
499
547
547
594
563
656
610
625
563
672
594
594
578
609
577
562
657
578
531
640
609
577
625
593
563
558
594
609
531
593
625
625
562
563
531
593
609
672
656
610
610
626
578
640
609
704
593
594
546
531
625
594
672
610
672
548
563
625
610
578
594
563
594
562
563
579
625
578
546
579
610
624
578
610
531
594
609
609
656
687
625
735
610
578
562
547
578
641
734
578
579
610
578
547
562
578
547
625
641
579
656
656
578
594
594
625
594
516
562
610
640
609
610
562
593
625
593
625
578
547
610
547
594
531
610
546
609
672
625
546
547
579
593
609
594
609
609
562
594
658
625
625
562
548
562
562
547
578
609
562
610
625
625
625
625
579
593
625
640
610
594
625
563
594
640
578
609
625
609
656
578
547
563
625
548
641
610
640
626
672
625
609
625
625
610
625
593
609
578
547
594
563
578
579
578
485
594
579
609
687
625
578
625
547
579
656
609
547
563
625
547
548
563
580
594
578
578
594
641
609
611
641
594
937
625
594
594
594
578
672
594
625
625
641
562
516
610
625
610
625
578
656
640
594
609
625
578
547
562
594
594
578
640
625
593
594
531
656
625
578
563
593
656
563
563
625
578
641
563
625
610
610
625
594
625
531
562
578
594
531
547
578
563
593
594
594
532
594
641
594
640
609
610
500
609
579
578
609
562
579
610
579
594
609
562
610
563
531
562
578
577
547
546
578
610
637
609
641
641
625
641
609
640
578
610
641
625
625
593
578
593
593
609
516
609
578
562
625
564
578
609
609
594
500
625
594
625
640
657
641
625
672
594
594
594
562
546
609
578
593
594
625
547
562
562
594
625
531
640
548
579
594
546
609
517
594
609
547
625
578
563
750
593
640
579
672
641
656
625
625
578
609
610
562
610
688
625
610
625
640
656
657
624
625
594
578
562
609
641
641
532
610
609
578
656
641
547
609
672
562
625
609
579
593
610
625
610
547
578
577
672
844
625
640
625
609
625
609
563
1000
593
594
593
672
562
609
579
593
578
703
625
609
688
578
610
610
671
640
548
640
594
625
609
578
610
625
562
593
671
578
562
672
563
593
595
562
641
625
531
594
563
546
625
703
687
609
641
562
594
609
578
609
594
656
563
609
610
625
594
563
594
594
547
609
594
562
610
594
797
656
515
563
593
609
578
610
625
677
531
625
609
610
641
579
516
515
579
562
578
594
610
548
546
609
593
594
594
500
578
517
593
610
562
546
578
609
610
547
562
640
609
578
640
641
625
531
642
579
578
641
640
578
562
859
625
609
625
641
625
578
625
562
594
562
578
625
563
546
610
766
609
595
922
655
563
609
594
532
656
641
610
531
625
517
563
593
610
593
625
624
625
546
594
562
594
578
484
578
578
546
593
578
609
563
609
672
609
562
610
609
562
594
594
609
610
609
547
625
562
672
579
578
594
594
546
578
594
641
547
563
594
593
563
625
578
609
562
593
547
609
578
999
656
578
610
594
609
562
547
595
578
593
766
531
594
610
610
594
625
641
593
640
595
641
593
656
593
516
578
579
579
594
609
609
578
609
625
594
625
578
547
562
578
610
641
593
562
594
562
562
562
562
547
641
594
579
609
640
640
609
531
562
594
562
484
532
546
625
594
672
625
517
594
594
688
593
625
625
641
578
656
593
610
625
656
563
530
609
546
547
593
579
610
625
579
533
578
547
562
594
594
640
610
547
609
594
578
593
609
578
641
625
594
610
563
546
610
594
547
609
594
562
500
562
531
578
641
609
578
594
531
563
547
640
609
625
609
594
531
579
563
562
548
578
953
531
594
578
517
641
594
531
547
595
578
593
609
578
562
594
578
641
609
577
672
828
657
595
594
656
578
610
656
625
641
578
625
593
563
610
625
578
594
593
593
562
594
562
563
625
595
625
610
484
594
593
594
547
484
610
516
609
594
562
625
578
625
594
609
610
562
531
579
641
610
547
547
609
594
609
563
594
625
657
625
641
625
578
578
625
594
640
594
579
640
610
562
656
594
688
547
672
609
859
531
609
594
531
578
501
578
624
578
609
625
594
578
625
594
578
609
609
609
578
594
593
594
578
641
610
594
625
626
563
609
563
593
687
531
594
516
546
610
625
610
609
578
609
579
578
562
546
563
562
610
577
642
609
530
515
610
609
640
609
594
547
578
578
610
657
625
625
672
578
546
578
577
593
594
594
594
531
625
531
687
579
609
609
578
625
579
625
610
594
672
609
578
546
609
657
547
593
625
609
640
593
578
609
625
578
609
876
609
625
593
641
640
547
641
656
688
610
609
579
610
594
578
579
594
625
578
532
579
625
577
545
641
594
562
594
657
609
640
656
625
610
640
656
594
687
562
578
547
625
625
610
797
578
641
610
641
656
578
594
672
624
547
640
625
623
625
610
594
656
609
594
593
656
688
672
610
593
547
625
593
625
609
594
641
640
596
593
610
562
579
578
593
625
640
579
547
597
609
594
562
641
530
625
641
562
578
625
562
625
625
594
563
610
610
532
625
501
609
668
642
687
594
562
625
797
563
625
594
625
594
609
609
610
579
657
578
563
609
563
640
624
682
812
625
546
578
594
610
594
656
609
625
609
578
593
594
641
562
578
672
547
625
594
688
625
594
610
609
625
641
578
563
609
611
625
547
578
656
610
625
547
563
609
641
593
641
578
609
610
625
610
578
625
625
578
579
563
671
563
609
563
563
578
546
641
643
610
563
672
578
609
594
658
578
593
625
546
609
578
578
593
579
609
546
656
610
594
672
656
625
609
593
626
578
625
640
578
594
625
547
562
531
656
578
673
640
687
610
687
609
641
624
578
625
594
625
625
610
594
609
609
609
531
609
625
641
625
625
609
672
594
563
641
688
672
578
578
610
640
609
562
578
516
609
609
641
609
609
610
579
593
594
578
641
531
578
625
625
625
625
563
610
625
578
626
578
593
531
593
594
609
562
625
656
594
546
593
609
563
533
532
594
578
594
625
610
640
594
609
594
610
547
593
546
610
547
564
515
1235
609
547
640
578
579
641
594
641
625
578
640
609
578
641
625
579
640
640
656
593
625
547
531
640
609
594
578
593
625
610
640
610
594
578
625
594
626
672
641
594
594
594
641
657
672
564
610
625
594
578
563
531
578
562
602
578
516
609
609
656
578
609
578
625
563
563
562
641
625
515
610
625
609
610
593
641
625
625
593
625
984
548
594
859
625
609
578
625
626
563
593
594
595
562
664
577
656
609
656
625
625
577
594
531
531
594
625
625
626
625
625
641
625
594
656
578
625
578
516
547
594
625
546
625
563
594
579
593
672
609
579
594
579
500
640
625
578
656
656
657
594
547
607
610
641
594
656
906
609
579
656
968
688
578
579
625
593
578
562
625
640
625
609
625
562
563
656
593
578
594
671
641
612
594
610
625
641
610
594
609
641
610
655
626
624
719
578
578
625
609
594
625
609
594
641
640
640
578
750
593
640
625
547
578
719
594
625
578
672
656
640
656
579
609
609
625
547
563
671
679
547
579
548
593
516
610
672
531
578
517
625
640
594
547
594
641
688
578
594
531
531
578
600
572
656
687
596
672
689
563
562
577
594
657
546
609
562
609
594
625
578
609
579
547
594
625
562
532
562
593
578
594
531
594
610
609
547
625
563
625
593
657
546
610
625
657
546
922
563
578
640
578
531
625
578
594
640
609
594
625
594
640
609
625
641
640
641
625
641
656
656
563
610
641
593
562
641
531
609
610
578
578
624
578
563
532
609
609
641
547
641
594
657
609
641
625
578
578
672
501
594
688
578
641
625
578
547
593
594
656
640
594
562
593
579
937
641
546
625
625
641
609
578
595
609
547
578
593
641
562
547
547
562
625
657
547
547
593
563
625
640
547
610
578
594
609
735
578
609
547
640
641
657
594
578
625
593
625
610
593
594
578
672
548
609
593
594
578
578
578
625
609
609
587
605
679
645
631
632
615
630
573
632
612
886
551
670
594
592
585
586
573
554
568
627
608
652
608
592
607
585
636
653
591
626
611
550
558
643
600
578
582
538
616
615
637
652
604
629
637
633
596
623
656
599
605
642
615
575
616
577
628
607
584
626
586
634
565
575
587
645
629
586
568
575
591
581
603
566
639
581
600
591
872
572
578
585
582
634
591
568
605
536
607
583
528
596
607
550
599
586
589
580
623
533
621
623
594
637
626
593
571
641
631
649
615
607
593
605
614
559
581
566
570
798
590
588
607
604
605
589
571
562
566
622
594
624
602
616
603
599
568
567
595
584
586
592
667
641
581
619
608
1011
954
545
595
867
597
609
549
589
680
570
620
645
585
681
627
655
589
619
606
604
608
632
654
630
647
645
655
624
631
656
616
647
605
580
568
620
611
639
543
542
603
600
584
636
581
594
607
619
548
572
594
536
573
594
613
613
585
607
669
601
613
572
591
631
595
650
551
612
648
626
586
648
630
674
640
621
646
564
590
626
590
673
625
640
650
658
595
647
621
656
650
627
600
686
543
580
589
583
592
628
600
616
622
616
667
655
602
582
613
545
594
528
557
572
581
570
566
555
618
628
631
573
598
624
576
589
574
589
569
513
606
541
583
619
594
660
864
611
606
587
589
617
636
652
569
583
578
581
552
585
570
606
600
540
556
647
617
561
544
580
580
571
584
563
550
611
599
604
606
618
550
535
577
527
555
561
546
684
609
623
577
578
544
660
594
564
635
601
580
631
653
577
589
578
564
595
588
563
558
597
605
582
634
701
648
569
596
637
575
535
624
587
589
568
568
545
574
590
602
550
610
568
577
570
515
575
646
591
632
601
622
579
646
620
589
605
607
608
634
568
578
608
643
591
625
555
584
617
632
605
596
607
681
579
565
587
573
567
635
563
608
626
551
614
587
583
598
576
612
597
615
619
572
569
593
602
635
573
573
597
607
637
587
627
614
593
647
621
641
658
659
562
587
608
579
585
631
593
588
657
553
600
585
589
544
559
623
599
598
525
549
596
567
604
614
616
635
578
644
615
571
594
611
585
594
637
641
637
626
596
626
582
573
620
678
636
575
590
649
614
624
599
635
573
603
588
763
501
677
609
631
607
614
522
598
554
611
624
626
553
611
617
639
641
709
610
639
628
596
632
580
604
599
573
611
580
596
631
581
584
620
584
626
570
614
561
605
613
628
606
628
595
634
637
621
582
578
600
600
609
616
679
609
676
625
535
558
574
585
619
634
606
620
615
553
609
596
549
625
626
664
909
580
628
595
624
624
634
622
626
627
608
565
651
631
573
624
582
574
638
595
603
623
592
605
613
577
617
599
583
602
650
613
516
610
546
565
559
555
595
587
580
609
522
629
532
519
615
643
656
555
602
590
583
566
582
617
621
614
608
549
522
572
629
516
579
585
594
602
548
984
704
646
586
602
600
634
632
604
601
511
776
694
621
687
618
642
583
647
656
584
717
650
585
617
569
548
576
606
583
517
599
554
611
570
605
593
598
594
567
619
561
577
592
515
637
565
624
610
578
604
632
592
631
592
689
655
583
602
569
590
610
548
666
618
610
538
605
635
642
579
999
641
681
545
605
596
594
606
597
663
595
739
601
583
595
580
648
555
622
694
600
594
648
587
639
542
572
633
626
625
580
587
625
590
603
588
605
599
610
612
637
528
553
578
564
653
568
557
612
558
646
587
583
609
617
614
651
580
634
604
621
611
662
616
559
608
621
620
633
604
585
670
630
594
617
929
613
627
603
575
574
572
643
568
583
578
539
618
631
655
609
584
602
629
561
576
593
571
547
655
619
672
640
554
638
575
625
624
617
636
539
610
576
639
614
643
634
579
588
683
557
576
580
685
630
530
609
852
620
604
625
581
643
569
624
618
619
608
647
594
595
627
617
634
572
898
574
670
672
623
698
645
566
628
627
593
603
635
543
588
634
567
600
580
599
578
609
574
604
729
846
598
641
646
576
609
604
563
636
581
596
592
631
642
641
574
618
593
576
603
577
600
681
567
595
619
573
617
621
578
601
630
596
642
591
598
586
541
660
522
592
589
583
630
621
514
577
598
621
555
549
604
552
609
579
568
615
598
594
599
587
594
620
622
629
583
796
610
620
632
568
632
626
557
640
595
642
564
610
805
588
563
567
582
590
569
587
597
620
586
567
612
625
613
582
575
660
634
651
629
628
644
635
576
644
606
602
609
617
630
957
605
623
599
574
581
635
639
583
583
563
631
636
571
563
592
619
560
612
616
568
554
618
616
624
630
608
577
533
671
597
577
583
579
548
560
592
622
559
541
593
576
638
612
510
697
614
572
572
637
634
600
613
609
963
599
706
642
605
621
578
636
598
630
641
601
573
549
571
593
576
556
603
681
568
625
635
607
610
671
652
601
632
601
641
600
685
601
623
495
600
547
596
565
614
573
665
578
565
604
565
688
617
585
589
716
630
639
550
587
632
668
620
561
537
567
627
545
648
567
578
554
640
574
609
600
582
595
652
595
608
610
643
641
591
584
554
620
617
555
589
607
882
652
575
652
563
623
612
596
564
571
649
584
631
576
603
612
587
570
572
594
509
585
632
662
617
686
771
586
573
584
611
554
582
589
623
606
594
603
649
850
598
561
640
638
616
604
573
525
815
590
525
643
555
558
642
541
563
610
610
593
619
819
602
586
680
601
600
613
559
644
702
644
595
735
693
651
613
556
613
620
572
589
624
645
619
601
708
636
568
593
628
655
582
605
599
654
612
603
600
621
598
584
605
626
521
648
620
580
594
588
663
532
588
679
589
631
578
555
594
567
558
617
645
617
861
827
578
549
607
565
625
631
621
613
603
606
564
591
635
841
578
611
631
494
609
583
562
527
639
582
633
604
591
626
655
664
643
566
577
597
575
611
641
584
605
627
680
480
541
601
602
591
577
524
596
663
662
517
581
666
604
601
620
623
603
627
601
634
639
610
599
575
555
593
645
593
626
579
607
510
597
571
554
566
626
560
634
611
581
607
617
582
624
624
613
582
591
669
599
621
582
616
658
607
629
564
670
601
586
638
726
581
579
634
570
610
599
623
628
611
571
624
598
610
619
578
535
571
628
604
626
588
667
640
627
606
583
631
581
581
600
623
570
611
669
663
633
580
637
618
628
615
620
628
570
599
570
615
542
677
575
673
611
586
631
613
581
568
611
542
904
619
611
650
638
624
607
573
643
560
625
600
615
638
590
605
616
636
641
609
561
538
575
569
620
602
669
576
637
544
602
526
582
568
605
544
649
572
556
608
593
567
573
522
557
557
627
629
531
582
613
582
561
610
526
582
575
591
580
578
567
567
591
584
540
675
600
686
585
527
610
570
839
543
540
576
602
530
567
586
645
583
680
579
564
602
637
551
612
660
636
629
624
634
614
621
615
590
588
634
656
619
601
669
706
603
626
570
569
581
641
685
576
591
550
643
636
605
603
646
612
566
615
669
596
579
568
564
616
562
563
496
575
584
605
631
591
624
965
642
664
521
648
638
628
603
541
589
629
615
615
582
792
577
610
623
668
619
572
564
689
579
590
621
608
582
601
629
614
659
600
558
798
790
654
653
586
587
625
620
553
602
609
603
587
581
614
581
604
571
576
605
604
563
635
622
600
604
624
636
612
602
587
606
574
665
565
637
574
641
541
570
585
570
544
608
551
564
555
638
564
581
566
576
544
594
573
613
628
568
572
626
613
604
586
573
641
606
570
605
631
566
565
598
586
577
538
625
631
628
706
600
634
600
631
588
662
705
556
621
636
637
581
623
640
613
588
607
605
608
617
586
549
670
701
593
584
611
543
616
592
639
625
563
592
616
620
584
578
634
636
644
562
563
574
561
580
612
592
557
615
644
599
586
578
549
580
620
550
543
565
605
597
553
583
594
657
549
575
579
610
626
554
696
592
626
636
555
564
589
583
561
562
593
576
593
547
605
552
646
592
628
620
573
599
543
659
633
645
594
568
566
635
624
665
585
604
634
596
606
602
566
589
604
553
598
645
572
629
643
604
717
567
555
610
538
555
569
647
596
560
561
550
587
568
628
614
592
619
662
608
703
609
577
546
553
556
505
547
576
609
589
577
564
583
535
624
565
619
573
571
549
597
571
596
570
575
572
579
607
621
545
604
562
512
902
612
626
618
628
627
652
665
592
583
600
660
613
703
640
559
611
591
605
542
569
587
577
583
541
614
625
594
561
657
591
590
677
637
626
746
622
628
636
622
598
673
599
682
613
544
611
580
596
642
631
594
657
590
558
540
561
613
597
598
572
569
618
663
614
664
583
631
916
592
620
578
630
594
584
588
641
610
620
602
567
676
570
622
601
641
607
602
553
583
606
597
574
587
648
595
583
563
612
571
550
606
591
636
640
593
592
580
630
631
573
602
593
608
603
595
589
632
591
594
615
629
676
619
609
592
653
635
562
544
641
667
620
587
557
608
615
564
617
624
627
631
590
581
631
620
554
597
573
565
586
615
585
615
578
551
592
510
608
543
547
556
552
588
543
577
593
581
568
575
589
613
634
636
633
551
602
575
618
510
567
630
568
557
647
634
651
658
613
582
632
585
573
585
640
613
618
596
612
597
633
643
623
646
632
956
619
642
641
615
613
562
636
629
624
634
647
628
639
687
612
636
607
564
622
610
603
584
535
579
579
558
648
648
662
644
621
609
571
594
595
640
612
593
591
578
635
584
591
594
634
543
591
604
580
610
538
622
592
619
623
573
599
514
625
638
599
661
587
656
575
533
602
547
904
554
564
606
657
606
572
521
632
649
644
597
616
541
595
568
604
583
621
625
691
561
519
657
611
606
602
628
607
632
634
596
589
585
612
628
607
590
579
581
636
615
647
689
630
542
639
537
598
554
559
626
585
580
622
615
578
607
625
581
509
524
609
628
627
576
641
600
546
557
598
580
575
628
546
575
606
636
585
634
583
591
606
626
567
626
519
591
548
568
546
650
500
621
581
634
595
545
678
597
610
648
597
549
623
573
627
616
643
595
736
649
638
620
563
594
654
555
557
549
575
585
593
564
611
644
626
590
537
558
593
619
656
565
560
594
696
629
620
636
593
625
596
568
591
585
559
604
589
531
557
610
573
529
591
587
582
551
502
594
617
576
592
591
655
620
589
616
632
558
589
611
614
628
610
580
579
644
633
602
606
529
631
624
561
637
556
598
624
590
589
671
652
643
637
634
594
639
548
593
604
557
572
624
565
616
600
603
617
648
638
623
641
559
564
492
920
567
550
577
565
624
567
505
601
661
608
617
583
775
559
586
636
582
633
607
583
619
580
605
625
591
607
600
640
592
633
615
614
630
635
641
618
539
637
583
609
590
582
640
598
565
624
627
587
625
629
599
619
581
552
528
648
552
569
574
635
674
662
617
583
557
556
594
576
602
593
520
644
578
534
597
554
618
598
631
590
936
543
644
575
566
612
607
578
591
616
575
577
619
524
601
595
612
580
579
551
671
628
599
563
590
611
630
626
590
591
602
630
615
599
570
598
615
613
585
620
593
646
591
647
561
626
567
636
576
582
633
636
633
612
603
650
567
568
633
618
616
567
593
577
591
576
547
572
587
592
635
561
590
598
631
580
607
581
571
602
669
561
614
627
571
561
575
569
925
566
594
559
595
636
602
670
647
611
583
601
594
663
672
592
625
637
610
584
591
540
603
580
636
578
639
597
624
620
631
570
561
532
834
636
557
615
640
557
552
633
580
600
552
648
530
560
605
522
551
614
654
620
612
614
612
595
606
605
561
530
587
570
499
559
545
539
580
550
585
609
580
593
586
552
535
581
564
587
580
557
594
530
541
558
598
583
562
568
980
564
598
607
574
609
600
591
590
613
590
584
524
590
596
592
594
594
511
550
629
518
582
616
618
604
609
564
582
600
530
601
555
598
626
574
608
607
636
599
601
604
558
847
587
637
571
832
603
654
564
588
636
629
610
636
637
546
615
571
626
559
595
626
628
530
571
540
599
582
565
541
583
574
637
613
637
591
606
611
549
554
593
587
588
606
599
690
536
624
998
559
574
607
606
710
643
572
638
612
588
577
580
588
620
615
625
581
657
558
589
619
590
621
638
590
650
563
615
548
590
601
617
614
644
563
530
618
594
663
586
686
602
568
622
639
598
562
558
571
604
599
598
593
542
588
580
574
582
598
595
585
614
569
624
567
631
621
597
551
667
580
566
604
593
603
556
574
584
656
612
637
597
595
572
589
603
598
968
597
576
558
582
591
575
551
549
610
601
559
610
601
568
610
579
612
624
545
600
557
595
562
585
578
557
572
573
577
602
547
576
611
554
547
591
586
621
629
640
605
558
592
617
520
562
551
541
549
542
592
551
623
577
628
627
687
833
542
565
623
623
561
581
644
643
623
543
591
583
609
596
643
603
593
657
614
672
622
613
614
622
596
556
557
581
573
702
586
637
575
567
635
622
633
628
641
628
602
635
600
610
633
578
651
622
622
585
563
566
613
613
604
685
601
630
552
574
639
613
604
606
559
557
548
492
560
669
617
573
605
562
621
652
589
666
624
601
568
610
483
567
582
521
568
537
577
557
554
571
584
584
592
619
618
627
610
571
597
579
547
609
559
573
556
584
608
599
569
600
653
633
609
666
590
675
576
626
551
557
501
601
541
532
576
581
630
582
588
588
632
665
574
557
612
584
598
563
581
592
569
570
600
597
544
649
635
636
607
597
570
610
588
553
562
605
611
580
661
594
621
658
612
589
579
567
577
606
594
582
595
623
612
592
523
626
615
544
553
606
572
561
563
638
621
594
553
590
598
581
569
568
582
651
619
585
669
602
575
627
605
594
694
625
698
617
560
601
590
629
618
628
610
601
616
606
576
599
557
620
616
604
640
545
612
619
655
645
557
582
616
585
628
607
552
577
579
521
633
640
646
566
631
628
583
579
554
643
633
578
633
607
604
595
608
555
581
566
592
576
603
586
592
614
595
595
550
612
607
626
616
584
576
618
569
500
566
585
554
586
560
582
588
550
589
610
572
588
555
571
1010
598
641
628
654
636
581
665
643
640
651
620
627
539
610
602
563
608
611
583
598
612
651
576
607
680
590
574
622
583
630
613
603
607
628
623
595
539
626
570
591
585
652
579
648
601
606
581
610
576
564
611
585
625
651
614
607
636
577
585
608
585
593
521
563
594
572
588
600
580
533
629
642
600
565
615
599
612
585
607
682
592
530
627
599
596
941
575
588
631
644
567
651
637
590
616
561
593
657
630
621
658
632
579
610
627
574
646
616
567
626
625
600
603
600
586
600
604
617
577
657
617
613
635
564
550
620
607
528
539
610
625
637
688
576
617
661
571
562
648
567
558
586
592
612
586
619
623
580
556
606
657
655
583
599
574
577
574
570
543
522
531
537
607
532
617
611
560
646
602
620
616
588
865
606
671
606
564
512
584
567
560
594
555
617
556
586
617
586
572
575
525
643
599
577
636
590
571
481
588
572
510
644
588
586
575
595
591
530
604
676
632
579
587
599
564
598
528
559
557
592
551
521
572
565
613
578
607
600
596
681
631
608
595
569
594
586
537
542
596
583
586
575
603
618
550
616
561
635
561
617
580
596
657
559
542
601
546
595
602
630
636
581
574
554
905
595
575
619
630
578
576
617
555
622
625
628
585
590
615
590
625
620
561
565
613
631
646
581
621
674
632
607
619
558
666
624
559
559
588
618
610
617
632
591
606
595
617
645
579
589
531
674
578
600
647
597
633
684
626
627
614
546
603
578
582
570
625
638
579
536
620
668
600
608
596
640
593
629
566
623
613
654
631
619
541
642
617
668
622
596
679
634
625
606
618
610
636
614
603
615
633
616
635
618
605
618
591
565
595
618
603
590
590
556
566
600
633
611
626
549
588
634
652
592
576
836
584
636
645
575
559
611
590
596
603
587
668
687
659
607
638
642
635
548
673
590
540
608
580
689
609
595
587
601
654
586
578
604
618
629
565
592
669
543
614
577
570
611
583
546
565
623
578
569
581
632
630
953
636
665
586
596
631
635
616
662
683
623
596
638
657
633
621
606
623
593
608
600
641
612
585
586
590
582
591
584
557
557
611
573
579
595
631
596
637
619
606
580
609
575
618
591
578
533
597
607
610
594
630
623
619
620
730
597
646
633
624
585
621
587
588
620
585
609
571
549
577
615
576
595
564
585
566
568
591
614
606
611
596
571
583
631
591
597
649
595
601
569
605
625
614
597
591
590
652
605
598
569
633
584
608
599
572
534
560
514
633
594
553
543
641
570
543
608
639
666
656
622
580
587
597
599
528
553
555
580
563
587
579
613
599
627
647
564
570
624
600
617
540
605
575
685
608
596
578
578
593
588
567
622
625
655
698
655
569
553
554
623
554
571
597
563
643
531
613
613
572
579
619
582
625
607
544
552
944
573
573
626
603
660
647
571
578
617
551
609
600
594
575
620
624
586
633
576
599
604
685
572
635
593
614
618
594
595
633
562
589
566
563
550
577
648
564
598
569
596
630
564
581
626
616
613
629
627
607
694
571
669
586
565
630
583
573
657
806
614
638
563
733
613
602
564
626
581
664
587
589
597
654
622
601
597
519
592
599
595
614
590
591
610
701
597
653
649
611
615
612
573
628
599
615
630
557
598
626
637
606
589
595
650
566
587
673
599
590
621
598
658
570
535
600
535
544
503
514
627
579
610
558
627
575
584
609
608
622
647
632
595
566
550
565
549
591
548
551
530
575
483
545
561
596
592
575
615
602
560
577
581
597
576
670
776
615
586
610
573
557
582
626
607
600
592
593
630
619
536
503
597
552
919
604
602
620
609
549
606
552
543
602
599
592
551
625
597
581
602
618
625
598
606
591
588
604
546
575
616
520
569
564
620
585
595
648
668
654
561
630
588
593
567
591
565
606
558
612
594
616
635
552
630
616
679
578
640
635
613
577
576
572
593
571
564
557
569
611
617
571
551
603
591
601
580
584
623
652
621
606
613
602
582
574
723
579
559
578
547
620
608
648
580
618
632
599
625
650
568
626
573
617
676
589
553
540
539
604
578
578
573
612
611
593
546
563
605
569
551
556
537
608
594
570
558
659
629
604
568
553
553
591
654
641
640
607
561
621
704
625
552
609
610
617
575
541
567
549
586
588
581
566
610
546
574
562
582
645
585
605
592
587
625
602
587
617
522
557
535
583
609
599
545
588
568
651
543
640
609
576
932
616
590
575
612
586
608
543
621
668
595
582
614
628
634
766
636
592
583
600
608
616
562
588
595
556
543
568
608
612
598
585
568
615
568
589
635
555
562
594
552
617
594
644
609
562
564
612
600
638
629
558
608
577
593
617
598
636
545
545
707
584
582
626
600
616
618
615
580
613
606
643
576
629
583
620
559
639
609
582
615
562
636
598
578
634
583
631
612
630
675
613
608
561
550
629
635
594
604
637
574
647
668
581
713
607
591
659
627
547
573
509
563
643
653
591
621
568
564
544
552
678
516
575
578
578
518
566
550
550
616
617
639
545
606
568
583
580
596
643
629
609
599
610
602
553
501
545
553
601
579
601
570
612
605
622
660
569
629
579
586
585
500
570
627
610
664
625
617
587
606
581
634
631
648
581
637
586
624
631
662
617
585
647
649
569
648
533
622
628
583
604
593
802
631
625
605
625
588
609
629
578
641
629
614
622
579
642
619
587
599
657
570
604
567
609
588
569
616
615
561
714
594
585
611
626
613
622
593
687
597
605
669
618
657
631
634
615
547
600
596
632
627
575
611
601
631
569
594
615
617
602
656
575
648
658
548
637
635
594
637
603
602
591
577
626
621
979
602
653
639
630
590
616
595
611
574
596
621
573
599
613
521
611
571
602
610
568
824
589
656
565
613
520
631
563
626
657
629
626
624
638
556
614
690
584
578
607
587
632
597
610
633
582
610
624
664
603
624
612
598
598
590
658
627
618
638
571
615
595
621
611
646
526
621
566
626
585
555
610
572
663
592
596
642
583
635
627
570
591
587
596
620
613
952
563
581
589
544
546
593
606
576
572
598
663
622
606
644
576
613
566
602
639
571
641
602
589
631
629
615
678
640
585
583
616
686
562
572
529
642
578
604
550
558
598
616
561
612
633
603
605
576
636
631
625
618
559
602
596
608
503
578
647
535
581
582
633
562
592
563
609
598
549
600
572
587
570
600
594
559
593
603
613
654
605
625
550
627
638
613
533
608
533
531
564
616
631
573
609
563
597
631
627
593
623
561
586
606
567
670
619
600
620
628
631
563
633
624
681
609
628
624
617
622
598
645
578
614
635
608
619
610
593
592
602
555
570
677
546
568
614
582
616
649
647
589
519
623
614
633
705
657
604
645
637
616
616
559
594
616
621
631
564
628
588
617
652
619
562
601
579
592
570
598
608
613
637
632
658
634
635
657
638
623
603
632
560
585
589
581
667
639
661
637
645
599
616
576
531
587
623
725
640
635
629
617
588
664
567
605
634
582
665
624
623
584
601
582
585
574
635
596
602
622
789
595
551
604
593
570
555
645
597
606
619
608
551
605
575
561
601
671
636
628
612
582
624
574
576
545
548
538
602
604
604
559
591
592
566
625
520
606
618
644
593
590
565
590
611
897
642
569
568
566
619
570
593
551
607
562
541
597
608
557
579
597
563
568
612
623
617
615
642
590
714
619
631
645
583
667
611
557
533
587
569
577
602
612
562
618
560
605
625
611
609
609
634
603
632
662
556
577
623
599
583
600
556
574
604
580
550
556
620
618
615
651
594
576
562
643
615
572
635
636
615
635
641
621
609
579
647
621
634
578
630
634
522
639
943
596
614
641
636
652
581
640
594
644
578
632
559
576
567
621
572
625
618
568
569
622
567
587
573
579
631
592
641
607
560
632
607
625
689
661
622
607
602
607
571
568
643
633
608
604
592
564
575
634
616
599
609
608
600
623
577
646
610
574
631
591
599
625
562
619
579
632
615
626
661
641
686
588
577
641
543
586
580
559
610
623
613
554
588
610
904
626
649
593
594
630
602
595
575
605
572
561
575
644
685
661
625
542
594
681
625
602
574
599
573
582
614
609
651
634
616
586
587
565
612
580
576
588
497
596
526
583
559
565
629
623
565
603
603
595
575
616
569
666
598
639
621
600
620
625
612
590
569
579
608
528
616
623
844
641
623
725
605
656
636
658
588
622
624
665
622
628
563
507
577
600
605
989
646
574
561
597
650
594
559
600
603
627
610
611
622
628
587
627
668
567
579
494
506
581
616
607
603
583
622
613
599
575
684
643
631
598
585
641
615
603
606
589
575
608
620
616
594
568
651
665
633
542
668
697
650
663
586
637
578
595
619
604
568
579
625
619
599
609
660
583
623
639
594
603
676
599
573
561
554
580
532
575
591
591
590
647
612
664
894
614
598
625
616
566
590
598
569
597
564
604
608
566
576
550
637
567
647
638
685
596
606
632
621
647
637
604
605
621
587
628
644
596
628
638
636
630
551
566
634
633
628
653
592
606
591
593
600
576
592
596
589
570
601
561
586
594
576
556
600
539
562
564
611
617
629
605
574
784
507
607
597
627
620
611
601
616
631
648
637
603
596
598
599
631
592
554
617
594
605
561
588
574
589
557
584
531
607
605
548
615
599
589
596
571
601
611
602
580
595
582
601
600
651
636
549
588
612
588
660
572
641
630
607
634
626
550
578
614
568
648
611
603
613
580
641
617
593
563
594
594
613
622
496
565
585
615
606
513
599
573
619
557
613
599
632
648
560
619
588
609
599
615
592
624
616
584
618
622
631
565
558
610
525
545
580
813
604
598
519
628
557
580
540
628
583
560
544
608
611
548
540
593
601
598
595
558
534
564
586
578
558
557
570
594
600
606
572
610
595
582
607
607
637
580
559
576
620
623
592
605
576
557
560
553
568
601
596
561
581
620
548
557
570
623
602
497
529
571
597
605
534
548
565
602
558
582
540
629
540
601
516
620
598
589
637
587
561
609
605
544
570
566
586
573
555
554
571
603
601
526
599
570
571
598
596
642
588
617
554
577
610
532
587
589
598
565
528
571
617
569
513
616
630
616
550
644
579
619
566
610
597
613
627
614
597
562
562
591
585
524
581
560
608
603
575
611
567
575
565
584
610
543
551
537
600
607
577
608
586
577
628
557
618
601
597
594
595
611
590
576
567
487
544
588
523
594
602
588
556
554
570
564
591
605
583
656
547
586
617
588
596
619
607
611
682
591
620
666
548
629
588
653
617
562
611
635
590
586
610
633
573
588
647
608
567
592
555
606
548
647
622
632
548
606
583
583
558
565
588
535
542
588
537
591
590
599
576
570
548
534
556
609
569
589
557
589
588
570
608
627
619
548
509
622
597
618
591
643
644
626
575
626
598
631
663
639
601
652
632
612
611
631
580
566
609
612
580
610
586
637
604
864
623
574
629
630
535
636
530
603
638
600
563
569
585
631
629
602
622
628
583
570
625
637
620
626
712
568
574
579
587
567
629
585
592
570
615
629
537
596
597
584
589
616
634
623
627
570
584
581
542
594
597
597
591
549
551
601
609
559
605
607
594
569
622
624
598
618
594
624
564
602
595
563
544
572
607
614
626
614
620
629
574
565
624
629
603
570
570
588
609
658
588
593
593
628
593
584
624
669
626
577
554
625
579
539
634
636
594
607
597
577
611
588
655
673
660
631
640
596
549
583
593
633
637
640
686
636
590
562
582
581
634
627
586
587
572
535
633
621
610
640
542
611
608
633
651
617
605
593
606
609
569
558
633
644
603
602
618
642
628
613
625
576
592
559
670
597
567
545
564
639
623
630
583
619
604
627
845
596
593
601
598
586
558
627
596
598
610
632
594
596
557
633
651
560
604
561
587
616
607
607
607
534
632
492
596
644
632
524
608
643
598
622
574
612
591
529
607
588
574
745
572
546
601
587
589
608
585
574
566
623
670
607
633
591
574
597
691
632
623
589
646
620
614
605
589
626
600
672
600
585
588
580
594
637
621
580
604
601
632
599
588
644
628
571
569
654
591
629
616
555
632
625
582
579
616
616
552
658
544
610
652
603
620
587
850
636
585
630
566
569
532
576
582
600
622
638
547
901
568
643
600
598
610
600
606
613
648
557
599
666
618
630
849
643
660
606
595
593
591
570
620
559
604
617
636
618
612
588
611
573
629
577
631
533
620
846
585
547
565
577
563
598
570
628
624
598
610
602
632
631
561
614
636
623
586
555
666
636
585
623
631
621
581
639
585
606
642
574
641
593
580
512
531
588
552
571
562
592
603
546
606
566
597
613
600
621
619
655
642
646
622
632
645
569
627
577
551
575
583
605
572
614
600
577
640
571
611
573
627
527
613
573
643
609
715
594
574
593
562
584
568
625
570
598
572
589
549
588
571
617
644
640
623
629
591
595
557
595
654
578
535
564
607
618
930
643
598
589
556
627
622
625
593
594
557
592
632
670
540
577
592
601
551
647
607
564
648
622
600
630
578
618
516
638
663
610
558
612
585
715
621
589
540
586
630
575
621
617
577
608
616
594
606
644
602
589
596
588
565
580
564
611
593
611
632
638
610
575
581
602
698
560
576
671
639
548
591
564
581
577
637
635
590
607
634
622
614
618
605
641
642
641
691
619
576
563
613
645
538
624
630
617
609
618
608
614
629
611
642
640
598
624
663
613
590
594
641
558
584
615
546
576
607
567
618
630
594
637
545
590
668
569
589
581
563
610
590
640
560
606
635
629
593
562
643
583
605
607
635
573
639
612
614
609
597
608
620
575
620
569
593
597
783
561
535
600
612
615
606
583
560
581
568
546
564
602
596
594
592
890
594
596
567
569
607
572
522
554
626
535
583
654
587
541
537
548
603
564
623
616
607
644
591
608
606
581
563
600
623
581
558
631
589
611
629
579
607
597
571
582
548
587
599
559
560
614
594
618
519
635
578
641
582
578
610
559
562
630
564
592
614
569
657
600
604
518
619
593
577
560
604
520
645
661
583
625
663
645
601
559
764
649
626
590
576
602
587
629
682
603
561
607
599
617
594
605
628
609
620
652
639
579
618
643
634
574
613
624
597
618
589
621
566
650
633
616
628
619
628
599
591
613
609
637
588
588
583
617
587
604
643
587
603
654
619
606
581
639
602
588
567
635
626
619
649
609
587
582
647
585
612
583
620
586
602
620
604
656
643
573
577
603
592
588
599
582
641
613
559
579
605
563
620
538
590
1040
560
533
666
615
583
586
588
617
579
587
592
580
622
616
630
588
611
638
627
618
563
583
600
623
563
624
596
624
570
544
627
570
541
625
620
568
575
616
609
534
590
512
644
606
584
562
655
614
622
624
574
593
565
603
617
638
601
589
591
626
585
515
526
590
577
593
573
553
576
575
567
592
578
587
550
614
583
571
571
570
544
570
552
620
559
624
656
542
621
933
615
588
678
620
579
589
614
584
547
567
638
679
642
671
628
631
633
604
552
606
634
598
595
574
589
606
592
577
569
628
614
616
594
623
571
623
598
615
571
571
630
605
620
635
639
599
592
598
564
641
571
536
650
625
588
559
561
598
627
605
588
585
659
689
611
593
567
557
587
573
594
610
596
583
567
587
584
542
594
553
542
612
636
636
623
594
587
914
596
571
565
583
557
622
615
625
526
550
613
587
586
635
630
747
690
580
618
602
540
604
575
602
569
656
611
581
613
568
553
625
635
622
571
591
593
657
582
609
601
518
592
568
560
591
580
607
555
582
610
621
585
587
626
638
606
615
593
559
508
561
586
555
618
569
592
533
598
624
573
522
587
593
572
631
567
580
630
651
599
612
607
575
553
625
639
896
628
610
602
580
634
619
598
578
584
583
674
565
620
586
621
602
535
594
587
599
592
520
587
577
784
600
573
609
606
595
608
578
730
560
609
572
509
612
555
575
583
606
571
647
625
607
573
630
549
581
650
618
596
572
666
632
588
621
603
552
557
606
625
606
590
596
608
538
525
585
630
550
609
584
547
558
546
599
569
570
537
511
556
578
639
656
609
595
687
566
580
588
603
634
623
597
625
613
584
601
609
656
586
593
569
649
588
558
606
604
645
591
747
638
614
635
580
638
608
631
636
541
615
635
637
644
585
688
578
562
580
631
567
593
596
608
532
637
581
570
551
603
618
600
572
600
590
650
654
537
669
587
619
588
557
564
600
617
623
621
643
649
598
567
552
636
633
596
603
630
586
593
621
635
637
943
639
610
593
571
577
575
595
523
556
596
627
614
578
632
633
618
621
625
584
604
573
610
660
586
596
640
647
605
629
562
580
631
597
611
601
629
610
589
627
591
786
547
613
613
627
605
631
576
898
568
517
554
567
569
574
533
640
604
551
557
600
580
573
570
565
581
571
557
613
660
607
563
609
542
566
558
635
599
615
582
599
631
590
561
598
633
677
552
577
551
576
620
592
572
583
564
577
519
612
641
607
539
605
576
577
570
566
593
651
590
596
577
595
562
581
607
579
559
620
543
610
619
563
516
581
594
560
595
578
595
572
552
581
586
602
574
625
642
625
601
604
571
601
618
589
528
537
541
597
592
581
594
584
545
584
567
586
562
582
664
632
612
542
590
567
561
569
596
574
587
582
646
622
588
572
597
563
663
668
644
571
555
612
589
584
576
558
553
531
619
609
592
559
592
555
611
571
607
699
579
600
622
644
649
644
606
659
598
578
618
647
588
682
602
514
574
624
639
633
603
614
622
604
639
587
652
632
572
612
645
663
629
563
586
616
586
623
614
632
583
686
586
663
613
575
591
581
622
618
693
583
631
633
614
532
615
613
589
625
624
619
676
608
925
633
624
644
544
633
626
633
621
630
653
611
621
607
586
603
596
619
585
623
607
635
559
595
635
554
616
569
683
612
569
541
663
618
604
549
558
599
649
607
614
584
652
615
627
608
634
589
553
615
611
643
584
697
578
582
629
632
580
623
612
638
582
652
557
536
585
592
863
632
638
567
590
589
663
646
623
581
601
583
607
565
623
613
665
590
910
568
624
590
660
586
567
607
573
607
621
591
668
628
632
613
589
605
654
572
561
605
557
614
596
651
553
628
606
580
610
587
567
540
577
560
622
598
593
613
583
508
624
557
597
582
600
594
585
569
547
618
584
587
587
579
674
638
847
583
505
580
588
537
571
646
621
569
621
500
539
554
583
547
553
565
606
620
585
630
579
613
639
568
559
515
615
600
940
633
603
600
603
658
569
549
605
635
570
616
560
610
622
594
607
599
617
590
589
642
630
633
591
696
594
580
587
551
594
546
575
605
555
569
604
640
612
576
573
597
629
615
601
582
589
603
607
580
577
614
621
603
538
600
544
552
659
583
608
580
595
618
589
578
632
591
580
581
553
565
733
563
640
547
596
632
557
568
648
691
583
637
615
563
895
635
578
720
621
610
642
641
624
592
645
629
579
574
610
599
641
679
563
572
589
591
666
604
603
603
580
594
613
575
526
607
583
561
604
650
594
577
562
587
639
595
556
633
616
585
622
609
635
579
610
595
571
564
591
579
645
596
582
573
611
543
594
541
633
541
543
562
505
596
545
544
574
606
563
625
597
549
586
567
589
623
555
623
624
612
599
651
596
598
587
611
607
602
699
630
637
822
609
631
703
735
583
602
626
529
629
623
633
651
634
590
570
608
646
628
662
611
643
603
587
672
700
605
636
643
683
652
668
635
656
638
583
603
623
612
601
631
593
589
612
631
661
626
611
631
642
611
601
591
639
582
579
593
601
613
570
617
619
614
632
644
567
562
564
580
593
567
598
592
631
622
628
573
556
584
541
573
616
555
607
553
553
576
546
595
602
537
597
582
587
609
803
593
618
598
564
612
637
602
589
594
576
588
576
639
685
609
621
605
640
692
636
596
581
566
580
588
630
571
584
568
611
677
684
648
605
641
587
627
611
618
617
589
537
630
610
607
620
613
602
600
638
605
585
603
589
618
567
539
576
611
626
602
632
616
601
568
646
570
636
931
564
582
685
622
602
596
637
608
580
548
640
667
608
635
631
592
611
593
576
656
606
602
627
612
580
811
575
595
575
586
594
538
576
575
578
623
645
632
633
634
590
547
580
574
614
614
575
586
623
601
594
574
610
636
563
590
605
560
641
580
659
654
632
591
609
625
631
567
577
585
617
589
598
579
614
625
574
560
583
595
612
560
579
548
543
560
565
662
619
602
572
535
551
587
573
629
583
615
605
575
626
556
566
529
567
617
611
566
598
606
596
581
547
593
625
622
646
612
582
653
595
489
599
581
580
563
601
574
580
586
619
559
581
568
621
604
575
586
584
584
581
586
624
547
581
574
597
620
606
584
554
582
550
568
626
617
622
584
590
614
566
602
620
566
681
614
603
584
644
633
598
621
609
577
632
582
617
626
963
604
609
616
607
647
533
597
566
617
581
576
644
629
601
645
597
614
638
598
616
636
628
586
609
574
596
628
615
612
617
618
575
619
659
607
616
563
606
577
615
605
567
590
665
618
603
603
631
663
626
599
569
573
576
551
587
629
623
581
593
615
547
563
649
564
563
524
581
545
527
545
505
596
528
610
586
555
581
592
595
582
564
543
588
603
584
560
596
875
606
597
592
540
573
530
596
594
555
590
560
593
593
587
592
609
506
575
627
624
610
627
652
625
605
565
660
540
526
620
587
555
515
588
583
572
605
626
567
598
586
616
544
581
553
638
636
625
621
602
637
656
665
620
619
688
556
621
586
606
625
534
615
550
628
597
528
539
612
616
557
584
591
542
563
531
558
600
569
571
551
567
602
503
564
502
616
625
571
885
533
556
585
594
597
534
578
578
535
472
555
645
623
568
598
575
587
607
563
612
613
585
574
537
496
527
558
562
582
529
537
590
561
575
560
661
620
578
576
580
605
554
565
602
579
518
548
567
547
542
544
516
593
584
552
571
585
565
597
572
577
620
557
607
586
578
562
602
545
586
597
605
546
514
559
662
598
568
637
651
581
601
612
631
569
539
571
532
559
828
614
615
591
596
588
589
604
573
649
627
550
565
606
576
613
546
537
546
554
517
557
648
599
590
592
631
562
597
618
632
578
572
586
657
588
585
580
539
585
555
578
580
577
621
531
523
546
584
602
555
557
565
507
599
606
612
563
594
587
537
547
582
599
570
594
585
610
598
509
597
782
564
564
599
558
572
577
593
519
565
590
562
563
603
566
605
604
563
587
946
611
627
606
656
626
627
619
670
561
631
557
579
583
582
582
603
670
566
606
547
570
603
595
545
633
631
579
588
560
541
628
634
618
572
599
611
613
564
606
578
573
613
601
634
630
619
619
606
592
571
586
588
601
566
616
565
546
610
668
631
640
571
618
603
581
617
613
632
548
582
579
595
556
580
612
615
532
580
636
597
587
570
588
573
546
599
921
632
616
582
589
573
631
560
581
587
647
656
804
621
616
587
639
573
588
615
626
630
593
623
579
615
648
623
568
597
659
605
637
640
556
635
580
619
565
523
590
540
583
502
554
584
567
556
594
565
601
612
582
578
604
614
605
611
623
556
665
639
591
549
598
623
645
595
570
550
642
583
578
619
642
618
588
634
571
674
587
676
619
604
607
560
596
910
554
595
558
594
611
595
650
555
594
613
580
566
590
571
598
568
639
627
597
638
606
619
649
610
616
580
610
554
624
596
533
569
581
587
606
635
597
606
593
628
611
589
593
584
606
576
598
656
607
585
570
604
588
620
605
645
622
681
639
551
596
621
549
622
556
608
646
625
581
582
606
653
566
631
592
596
572
621
632
613
605
601
591
618
612
555
896
604
618
592
634
580
609
627
612
581
626
665
627
568
651
789
636
588
565
546
593
629
594
606
554
570
617
597
623
621
564
616
606
559
608
554
556
586
614
578
606
619
648
614
648
621
590
575
550
597
588
558
578
607
581
569
552
680
588
572
608
535
561
667
583
574
599
557
617
637
558
592
606
566
611
577
568
561
618
584
614
585
595
623
654
604
626
576
591
620
554
558
509
594
548
567
556
589
556
571
575
563
539
594
576
585
580
602
588
668
653
642
631
586
582
657
622
647
653
661
564
607
583
611
598
616
615
670
636
583
635
596
583
582
552
627
644
574
588
622
588
577
608
616
620
612
546
599
566
553
564
559
562
627
623
600
528
588
640
644
580
722
659
629
568
562
594
552
596
581
570
581
598
581
599
529
627
573
583
634
654
628
664
605
608
576
611
628
601
599
689
626
587
591
652
559
535
549
629
595
590
576
600
629
634
580
587
797
570
620
654
595
639
635
579
579
619
493
573
556
604
564
614
602
593
598
601
607
592
603
639
572
655
639
611
602
624
637
599
672
583
597
624
632
592
579
609
596
625
549
588
551
592
644
605
555
778
641
562
600
622
668
574
610
629
579
511
472
504
508
663
605
566
575
605
572
557
572
612
636
564
597
622
525
608
542
576
550
601
591
549
575
658
594
583
584
566
615
664
565
598
613
588
562
581
600
540
548
538
545
611
594
581
607
567
587
590
611
599
604
559
592
596
571
628
598
623
530
617
557
616
581
634
582
651
609
501
552
585
598
568
584
600
491
641
577
607
616
613
658
605
548
704
612
602
549
602
636
636
561
630
927
608
719
573
582
578
592
592
531
578
595
587
576
545
585
572
587
597
547
598
576
585
546
571
600
591
637
579
625
566
592
586
635
631
634
577
565
617
600
572
625
649
665
593
592
781
592
575
548
610
561
573
582
635
575
585
554
536
588
582
558
565
562
600
601
585
552
549
555
479
592
628
635
575
593
585
546
624
572
578
578
541
579
561
534
560
604
569
561
573
529
543
615
885
594
543
553
574
627
573
570
575
582
626
619
593
581
611
657
598
600
608
656
573
642
599
634
574
608
510
574
607
571
631
542
605
493
609
587
600
610
656
639
621
618
567
604
609
607
552
592
556
602
612
583
578
661
621
533
615
568
579
570
606
536
589
563
559
553
561
561
585
607
625
629
616
565
581
586
638
610
589
562
590
534
557
564
523
603
618
590
533
603
617
541
925
619
567
586
577
553
563
600
528
621
621
586
580
640
566
546
612
598
651
604
562
601
638
634
684
555
568
547
546
591
613
571
553
582
584
599
633
640
619
576
564
537
592
547
579
555
585
631
622
587
591
589
547
576
616
596
565
635
573
627
633
674
596
635
571
564
599
628
582
641
543
653
640
670
602
592
557
609
596
624
576
618
639
632
556
634
582
576
563
598
596
568
576
580
946
610
605
630
567
546
595
579
605
567
529
562
513
605
643
593
602
569
602
633
607
626
658
582
615
616
630
2168
608
638
614
593
617
564
644
618
630
618
606
660
616
621
576
618
703
556
614
571
561
551
571
603
609
613
631
611
582
605
608
643
624
578
586
574
578
580
602
666
599
630
614
595
633
627
593
585
568
582
614
614
559
562
654
574
604
635
638
603
573
666
599
608
544
614
573
629
605
549
616
571
624
594
607
617
603
590
616
597
584
582
561
620
587
608
550
553
582
587
536
586
636
601
607
640
537
590
555
643
608
622
579
536
536
587
603
595
550
596
532
607
555
636
607
598
612
598
575
561
556
539
568
559
542
570
530
563
564
581
585
557
563
654
622
560
568
589
615
571
556
571
594
549
578
540
549
551
590
581
551
569
583
595
634
591
611
635
578
553
572
584
559
600
562
578
581
577
587
547
581
536
585
566
653
612
619
594
581
564
573
587
548
548
532
553
588
534
592
563
566
572
587
585
577
540
571
586
601
627
531
570
590
605
590
621
537
587
571
560
547
551
559
628
578
578
554
522
558
526
604
611
602
635
620
573
624
574
605
601
623
553
601
591
624
642
588
554
541
612
583
602
557
629
671
623
586
554
564
623
623
958
590
608
626
573
601
631
673
609
608
622
634
627
627
567
587
631
615
575
595
588
606
525
609
575
595
576
576
582
584
599
634
558
575
594
585
612
619
576
667
586
589
628
601
652
655
625
594
609
571
585
612
601
599
537
576
583
581
634
561
555
576
590
606
596
562
547
560
559
573
543
568
578
538
571
603
615
599
612
591
621
614
551
592
621
606
559
544
811
592
576
936
652
627
683
650
630
575
576
608
625
560
622
573
601
551
597
514
561
582
653
604
606
509
602
579
566
578
634
642
609
644
633
600
623
609
580
570
593
612
615
612
626
602
635
627
583
645
600
648
640
570
616
587
600
573
596
653
569
561
572
557
596
603
636
650
638
659
642
631
602
617
589
562
516
597
568
595
621
650
596
607
608
594
572
647
594
581
594
623
604
623
648
595
574
636
792
534
532
567
545
620
611
525
547
555
572
581
673
627
621
516
565
584
599
528
558
587
604
654
620
595
540
625
544
616
581
567
566
721
572
605
627
531
591
560
600
593
594
612
598
631
634
630
629
597
614
574
593
612
591
601
666
589
581
622
593
======================================
Avg Time: 602.4562726613487
