16
8
11
10
8
9
7
8
10
7
7
9
8
8
8
8
8
8
8
16
9
8
8
8
8
8
7
7
9
9
8
8
7
7
6
8
7
9
9
7
8
8
7
7
9
7
7
6
9
8
8
9
7
8
9
8
8
6
7
8
7
7
7
8
7
8
8
9
8
8
8
7
7
8
8
7
7
7
7
7
7
7
8
8
9
8
6
8
7
7
9
9
8
8
7
9
9
8
9
7
7
8
7
8
7
6
7
7
7
6
8
7
6
7
7
11
9
8
9
10
7
7
7
8
7
8
8
9
9
9
8
6
12
7
8
8
7
7
8
6
8
8
10
7
7
7
7
8
8
7
6
6
7
7
7
7
8
6
22
7
8
7
9
8
8
8
7
7
9
8
8
8
8
6
9
8
7
6
8
7
8
7
9
7
8
8
6
8
7
7
6
7
9
7
7
7
8
8
8
7
8
6
8
8
8
7
7
7
7
8
8
7
6
6
8
8
7
8
8
7
7
7
7
13
8
8
8
10
7
8
8
9
9
6
6
9
8
8
7
8
7
8
9
9
7
6
8
8
6
7
8
6
8
7
9
8
7
8
7
6
7
6
12
5
7
7
6
7
7
7
7
8
6
8
5
6
9
7
6
6
6
6
7
7
6
8
7
7
8
8
8
8
8
6
7
7
7
7
7
7
8
6
7
7
7
7
7
7
8
7
7
8
7
7
7
8
8
6
8
6
8
6
6
7
7
8
6
7
7
9
7
6
8
8
7
5
7
8
7
7
8
9
8
6
7
8
8
8
7
8
7
8
8
6
8
9
8
6
7
7
8
7
6
8
5
8
6
8
7
6
6
7
8
6
8
7
9
8
8
6
7
6
7
7
5
7
6
6
6
======================================
Avg Time: 7.5681233933161955
