35
18
23
14
18
18
16
19
16
10
18
15
19
14
8
26
11
13
15
16
14
14
12
11
24
8
18
15
10
31
9
14
13
11
16
26
19
19
20
8
18
17
17
17
21
20
18
22
16
10
12
14
16
14
12
15
13
11
13
8
19
23
12
11
22
9
14
10
13
17
15
16
9
16
14
21
12
17
15
18
12
11
19
22
16
12
19
10
11
8
12
19
19
13
11
10
7
11
18
9
14
10
15
14
19
9
16
14
16
16
16
13
21
16
18
10
15
11
15
10
18
16
16
16
13
19
16
17
17
11
11
14
18
12
9
6
11
6
16
11
13
12
18
13
15
16
10
13
13
9
21
12
10
14
9
9
16
19
8
18
18
14
5
12
14
13
18
18
23
20
9
21
19
12
14
9
17
13
12
14
19
14
16
21
13
14
11
16
13
18
23
17
9
14
12
15
12
23
23
22
14
15
18
5
11
16
21
14
11
15
6
19
8
20
12
15
19
17
15
13
11
22
11
15
6
27
9
19
12
14
6
10
15
13
14
19
17
11
37
13
24
16
16
14
15
15
12
18
18
26
16
12
15
8
8
15
15
13
11
20
13
12
10
16
18
13
14
19
14
7
14
15
23
20
11
14
15
13
16
21
15
19
10
17
13
19
11
11
9
8
13
21
17
12
17
18
10
18
22
14
17
19
17
6
17
17
17
10
15
9
15
12
16
15
8
8
15
11
12
13
15
13
13
15
8
12
17
9
14
18
13
10
5
11
18
17
11
22
15
8
11
17
12
20
11
16
10
15
13
10
10
13
11
10
6
14
22
8
13
12
14
18
6
20
16
14
17
9
7
19
25
13
10
12
7
20
12
12
13
12
10
8
19
19
12
9
16
10
15
10
19
11
12
14
19
21
13
18
13
13
13
9
9
13
16
17
5
16
8
16
10
13
21
16
9
16
14
12
14
10
15
14
12
17
15
10
23
20
13
17
12
15
49
25
15
9
12
18
16
12
12
16
10
12
15
13
13
18
13
8
12
17
8
12
12
17
18
14
13
13
17
21
14
12
13
15
12
15
12
8
15
10
10
13
18
9
13
10
13
16
11
8
12
13
14
18
11
18
13
14
9
12
21
13
13
21
13
13
9
15
16
11
21
13
9
19
10
17
18
10
9
15
21
17
15
20
11
6
11
18
12
11
11
13
14
13
15
11
9
10
14
16
12
22
10
10
16
17
10
10
12
13
17
15
13
21
12
21
17
15
13
15
17
10
11
17
20
8
17
13
12
9
14
14
17
14
15
13
14
13
16
12
17
13
18
12
12
20
9
8
8
11
15
9
9
21
11
13
22
18
13
12
13
10
20
6
18
23
18
16
10
19
11
8
9
25
12
13
18
19
12
12
14
17
12
7
12
23
15
11
15
10
16
11
15
15
9
27
10
10
21
7
17
17
13
13
13
26
20
9
10
6
14
14
11
15
16
15
20
13
9
11
22
15
11
11
10
16
14
11
19
22
15
9
12
7
17
11
15
19
20
16
15
16
12
21
10
24
20
15
12
12
13
11
17
23
13
19
12
14
13
19
14
20
13
14
17
5
13
17
13
11
14
14
14
19
11
17
8
10
25
15
21
19
16
17
16
17
16
22
13
14
12
11
6
21
14
7
19
11
23
16
20
12
19
10
14
17
11
9
14
25
12
14
10
11
9
12
10
13
22
16
9
12
19
15
20
15
22
12
12
18
8
14
19
7
21
11
10
10
14
9
14
19
11
11
13
11
14
16
17
16
19
14
18
11
17
11
18
15
12
18
10
15
9
15
7
12
19
14
16
14
13
18
19
17
14
9
14
11
12
15
8
13
10
14
15
11
11
10
15
18
16
17
14
27
13
13
11
13
21
9
17
19
21
10
14
11
18
10
20
17
10
9
11
13
10
23
7
19
22
13
12
13
21
14
14
12
18
14
15
23
19
12
10
19
11
18
14
12
20
16
15
20
15
11
14
17
19
8
15
21
11
19
21
14
12
18
13
16
13
14
17
13
12
15
8
9
13
19
15
10
17
21
7
11
9
14
12
11
33
40
15
8
26
20
15
12
10
12
16
13
18
12
11
13
13
12
28
29
14
8
11
8
15
24
18
13
11
17
12
13
22
11
11
14
11
18
18
16
10
13
13
21
21
10
16
15
13
11
17
7
7
12
13
10
19
15
10
14
16
23
13
15
13
14
13
7
12
14
13
9
11
7
20
13
15
21
25
25
14
10
23
14
9
5
20
9
11
14
15
22
12
13
14
22
14
18
8
17
15
17
24
12
22
20
16
13
11
12
12
12
20
17
19
18
19
18
9
11
14
21
16
15
14
6
17
18
19
11
9
13
11
13
16
16
20
18
12
14
15
16
17
16
17
13
14
9
13
21
11
12
11
21
10
11
14
18
14
17
13
11
11
9
21
18
18
10
9
19
11
20
8
11
13
18
12
8
19
18
17
14
12
11
15
24
14
25
16
18
15
17
9
15
23
18
17
13
18
12
22
18
9
16
13
11
12
13
16
11
20
17
15
11
14
10
18
12
14
14
12
12
15
10
12
17
9
20
9
14
16
16
18
15
13
12
16
13
7
15
21
16
12
12
19
11
7
12
14
13
15
16
15
16
15
14
15
17
14
20
10
17
16
14
19
9
9
15
9
21
14
18
17
10
13
19
13
12
9
17
14
21
12
10
17
28
21
12
17
11
12
19
9
9
16
15
17
17
12
10
14
18
24
12
19
23
13
11
19
16
15
17
12
16
12
9
16
13
9
7
12
16
18
13
19
20
13
24
41
15
16
19
11
13
15
8
6
13
10
17
11
4
13
15
11
19
22
11
22
22
20
12
9
11
16
17
10
14
20
15
25
17
11
14
14
14
16
16
14
22
20
22
17
12
13
16
25
13
10
14
6
13
9
11
16
11
15
13
7
13
22
13
17
11
16
12
15
12
19
6
10
22
21
22
15
10
9
15
56
17
10
10
17
25
13
14
14
11
11
21
13
19
14
13
23
======================================
Avg Time: 14.539325842696629
